185,872,220,872,220,885,185,885,0.8511255
430,871,456,871,456,886,430,886,0.795393
661,870,723,870,723,886,661,886,0.7265543
407,870,430,870,430,886,407,886,0.7406601
278,868,342,868,342,888,278,888,0.8444031
497,865,566,868,565,890,497,886,0.69846344
226,869,271,869,271,886,226,886,0.8228483
87,869,122,869,122,886,87,886,0.8186196
723,867,760,867,760,887,723,887,0.7978937
458,866,495,866,495,886,458,886,0.7565343
371,867,405,865,406,886,372,888,0.7923796
125,865,169,867,169,887,124,885,0.7561029
346,866,371,866,371,888,346,888,0.7881274
866,722,903,722,903,736,866,736,0.7751593
904,719,932,719,932,737,904,737,0.7171891
870,681,1060,680,1061,714,870,716,0.8151741
867,667,890,667,890,683,867,683,0.71697634
