398,925,599,925,599,978,398,978,0.85575753
659,810,747,810,747,847,659,847,0.83773404
504,808,580,815,576,857,500,850,0.8536121
426,811,494,811,494,849,426,849,0.90818787
588,809,649,809,649,855,588,855,0.88541234
314,809,414,809,414,845,314,845,0.84137684
202,810,302,810,302,846,202,846,0.899518
755,808,799,808,799,856,755,856,0.812466
636,754,740,754,740,799,636,799,0.8627705
439,754,540,754,540,799,439,799,0.90846777
550,752,631,752,631,800,550,800,0.8910515
304,751,428,755,426,800,302,796,0.83891
256,752,295,752,295,795,256,795,0.844611
602,699,681,696,683,743,604,747,0.8728579
477,699,561,696,563,743,479,747,0.84633565
248,699,316,699,316,738,248,738,0.9056147
690,698,751,698,751,738,690,738,0.87447286
398,696,470,696,470,739,398,739,0.9205427
325,696,389,696,389,744,325,744,0.8824915
569,696,600,696,600,738,569,738,0.7580958
