424,680,505,680,505,693,424,693,0.5998934
588,577,690,577,690,612,588,612,0.8551928
464,578,567,578,567,610,464,610,0.8879415
530,490,618,490,618,522,530,522,0.8774211
349,469,510,481,506,535,345,523,0.83973837
633,473,703,471,704,524,635,526,0.88800544
717,471,813,471,813,523,717,523,0.9213021
714,382,806,382,806,434,714,434,0.92252606
428,384,500,381,502,433,430,436,0.8867791
351,383,415,383,415,433,351,433,0.9100703
652,381,700,381,700,434,652,434,0.86659825
517,367,637,367,637,434,517,434,0.9265014
167,329,199,322,203,342,172,349,0.71340203
161,312,203,305,205,323,164,330,0.7536428
717,296,826,296,826,356,717,356,0.92239773
568,295,702,295,702,356,568,356,0.8776199
332,292,427,305,419,359,324,345,0.8838063
436,298,548,288,553,350,441,359,0.89075536
736,222,823,222,823,254,736,254,0.86469823
450,202,607,207,605,268,448,263,0.8872065
626,204,718,204,718,256,626,256,0.9272211
331,203,383,203,383,259,331,259,0.78142756
395,193,437,193,437,257,395,257,0.7879686
