325,73,429,79,427,115,323,109,0.8764346
566,71,678,71,678,113,566,113,0.8681575
439,68,528,65,529,106,440,109,0.89224774
536,71,554,71,554,108,536,108,0.70490855
392,22,432,22,432,54,392,54,0.8962935
784,11,890,17,888,60,782,55,0.85660315
613,15,710,15,710,60,613,60,0.9370442
283,14,382,14,382,61,283,61,0.938065
445,15,541,15,541,53,445,53,0.89187634
188,13,272,13,272,61,188,61,0.8856698
722,15,772,15,772,55,722,55,0.906105
114,14,178,14,178,54,114,54,0.9219703
552,14,602,14,602,54,552,54,0.925288
