784,144,833,144,833,164,784,164,0.8286926
631,106,770,109,768,170,630,167,0.8721198
103,106,243,106,243,157,103,157,0.915183
563,109,614,109,614,161,563,161,0.8545977
382,105,485,105,485,159,382,159,0.93243
259,104,366,104,366,161,259,161,0.9169891
500,105,551,105,551,158,500,158,0.92118573
697,39,803,39,803,87,697,87,0.8951712
132,24,273,27,272,80,131,77,0.9142434
464,25,589,25,589,78,464,78,0.9264194
606,23,681,23,681,82,606,82,0.9236375
375,25,446,22,448,79,378,81,0.8966217
289,20,365,20,365,81,289,81,0.92685324
