683,920,799,920,799,946,683,946,0.7041797
646,919,674,919,674,949,646,949,0.8159455
567,848,628,843,631,886,571,891,0.8231144
660,764,713,764,713,787,660,787,0.81665313
607,762,654,762,654,788,607,788,0.80012393
719,760,761,760,761,788,719,788,0.8759344
651,728,695,728,695,752,651,752,0.79647493
622,730,644,730,644,752,622,752,0.79890805
700,720,750,720,750,754,700,754,0.85836774
700,691,742,691,742,719,700,719,0.898334
629,690,693,690,693,721,629,721,0.8377899
688,659,729,659,729,683,688,683,0.82312757
641,655,682,655,682,683,641,683,0.87704164
249,629,314,629,314,660,249,660,0.8917479
319,626,357,626,357,662,319,662,0.86384624
120,575,202,575,202,601,120,601,0.85120744
67,574,114,574,114,602,67,602,0.84812266
97,540,137,540,137,564,97,564,0.9067214
187,538,228,538,228,565,187,565,0.8870828
45,535,91,535,91,564,45,564,0.9415376
143,529,185,529,185,565,143,565,0.8694615
62,502,102,502,102,526,62,526,0.88093245
109,500,144,500,144,526,109,526,0.8229347
42,500,55,500,55,524,42,524,0.5367392
183,494,232,494,232,527,183,527,0.88090795
148,494,181,494,181,526,148,526,0.84283745
265,114,304,114,304,134,265,134,0.89452237
218,113,259,113,259,136,218,136,0.8484596
172,113,213,113,213,136,172,136,0.8307226
137,112,169,112,169,138,137,138,0.81896716
54,107,94,107,94,136,54,136,0.8324437
311,106,359,106,359,134,311,134,0.9074814
97,103,134,103,134,136,97,136,0.83960724
548,83,590,83,590,112,548,112,0.85045743
501,83,543,83,543,112,501,112,0.853238
470,82,497,82,497,112,470,112,0.8156116
76,76,114,76,114,98,76,98,0.92016363
256,74,286,74,286,100,256,100,0.7814786
162,70,206,74,204,103,160,99,0.8154546
290,70,341,70,341,103,290,103,0.8355751
211,71,252,71,252,100,211,100,0.8878443
36,70,71,70,71,100,36,100,0.86748147
347,66,379,66,379,100,347,100,0.8189518
119,65,158,65,158,101,119,101,0.85579413
546,48,587,48,587,72,546,72,0.8478495
493,44,540,44,540,72,493,72,0.8652735
243,40,298,40,298,61,243,61,0.9052243
122,38,155,38,155,62,122,62,0.8350657
305,34,355,34,355,62,305,62,0.83650005
193,35,236,32,238,61,195,64,0.83717763
161,34,190,34,190,62,161,62,0.78943294
62,31,116,31,116,62,62,62,0.92109156
