1270,1976,1475,1976,1475,2020,1270,2020,0.71349853
1205,1969,1262,1969,1262,2030,1205,2030,0.77110213
1235,1467,1333,1467,1333,1513,1235,1513,0.86197144
827,1467,914,1467,914,1516,827,1516,0.8127302
1137,1457,1227,1457,1227,1516,1137,1516,0.86220145
686,1454,812,1454,812,1513,686,1513,0.88145083
1107,1388,1240,1388,1240,1441,1107,1441,0.9115901
729,1390,817,1390,817,1441,729,1441,0.8528407
1252,1388,1313,1388,1313,1444,1252,1444,0.8509905
1324,1383,1367,1389,1359,1446,1316,1440,0.7848095
830,1384,875,1389,869,1445,824,1440,0.75673
1105,840,1170,840,1170,896,1105,896,0.85302275
1177,829,1257,829,1257,891,1177,891,0.869073
874,829,987,829,987,888,874,888,0.8362847
994,819,1100,819,1100,888,994,888,0.8907634
922,760,1037,760,1037,819,922,819,0.8921668
749,763,814,763,814,822,749,822,0.84091294
1150,755,1250,755,1250,814,1150,814,0.8983808
1050,755,1137,755,1137,814,1050,814,0.90539986
822,755,909,755,909,819,822,819,0.87869287
1260,745,1383,745,1383,814,1260,814,0.8804106
1255,172,1370,172,1370,228,1255,228,0.8599119
954,172,1057,172,1057,220,954,220,0.86011505
1137,166,1247,166,1247,223,1137,223,0.8381379
838,165,942,158,945,216,842,224,0.81179
1067,164,1130,164,1130,223,1067,223,0.82452816
749,159,834,159,834,223,749,223,0.8614608
929,95,1045,95,1045,151,929,151,0.8649657
726,95,834,95,834,154,726,154,0.87680316
1320,95,1398,95,1398,148,1320,148,0.8508045
847,95,919,95,919,148,847,148,0.89903235
1255,90,1315,90,1315,151,1255,151,0.739497
1145,82,1250,82,1250,151,1145,151,0.8675483
1050,82,1142,82,1142,154,1050,154,0.86224943
