788,758,818,758,818,765,788,765,0.6606955
391,752,433,754,433,768,391,766,0.789146
602,749,644,749,644,777,602,777,0.8707374
554,749,599,749,599,776,554,776,0.87174815
356,752,390,752,390,766,356,766,0.7664761
807,746,838,746,838,757,807,757,0.79638386
767,744,806,744,806,758,767,758,0.72938305
362,739,397,739,397,753,362,753,0.73351735
399,738,427,738,427,753,399,753,0.76473117
846,734,882,734,882,744,846,744,0.89814574
723,734,753,734,753,745,723,745,0.8277346
796,733,842,733,842,744,796,744,0.7509368
753,732,786,732,786,746,753,746,0.729165
622,718,679,728,675,754,617,744,0.81269056
533,721,568,721,568,746,533,746,0.8744016
571,718,619,718,619,745,571,745,0.85871035
789,717,806,717,806,724,789,724,0.58209443
803,715,836,715,836,725,803,725,0.5395717
770,716,790,716,790,724,770,724,0.589965
804,705,844,705,844,716,804,716,0.74198127
762,705,803,705,803,716,762,716,0.7391288
570,686,646,691,644,721,568,716,0.8089135
552,689,568,693,563,712,548,708,0.57124317
813,588,921,587,921,604,813,605,0.7877013
745,585,809,587,809,606,744,604,0.7508595
940,586,970,586,970,605,940,605,0.81606483
926,587,939,587,939,603,926,603,0.7341846
1001,566,1045,568,1044,587,1000,585,0.80534387
687,567,722,567,722,586,687,586,0.9187885
838,566,886,566,886,584,838,584,0.8153292
792,566,835,566,835,584,792,584,0.80585873
725,567,787,565,788,583,726,585,0.76449543
962,565,998,565,998,584,962,584,0.7915201
926,565,960,565,960,583,926,583,0.85509926
666,566,684,566,684,584,666,584,0.814714
890,562,924,564,922,584,889,582,0.7757916
754,547,798,545,799,563,755,565,0.73873574
681,547,705,547,705,566,681,566,0.863564
978,544,1032,544,1032,565,978,565,0.8082295
940,545,975,545,975,564,940,564,0.8320213
906,545,938,545,938,565,906,565,0.78981465
874,546,903,546,903,562,874,562,0.7925192
840,546,870,546,870,562,840,562,0.8384052
708,545,752,545,752,563,708,563,0.80414873
801,544,837,544,837,563,801,563,0.79990745
648,478,736,486,731,537,643,529,0.87579083
925,481,1032,479,1034,528,927,530,0.87531984
841,480,921,480,921,530,841,530,0.89441454
741,475,833,473,834,522,742,524,0.9005623
1047,478,1068,478,1068,509,1047,509,0.7968445
675,443,745,443,745,472,675,472,0.8969007
967,433,1042,433,1042,480,967,480,0.85614085
886,431,961,431,961,473,886,473,0.8952348
747,429,807,429,807,474,747,474,0.8952148
811,423,885,423,885,475,811,475,0.8947693
1043,391,1126,393,1125,429,1042,427,0.84514976
680,390,740,393,738,432,678,429,0.8788581
952,381,1040,390,1035,436,947,427,0.8542569
746,383,856,383,856,422,746,422,0.9079461
864,382,942,382,942,424,864,424,0.88555795
616,379,676,379,676,425,616,425,0.8786584
585,382,609,382,609,415,585,415,0.7140446
