38,605,108,607,108,621,37,619,0.7634517
133,605,164,605,164,621,133,621,0.8042522
23,607,34,607,34,621,23,621,0.7197266
119,606,129,606,129,622,119,622,0.6824802
154,547,193,547,193,561,154,561,0.85667473
122,547,150,547,150,561,122,561,0.8158923
98,547,117,547,117,561,98,561,0.79289776
61,546,88,546,88,561,61,561,0.82119095
24,546,56,546,56,561,24,561,0.780787
444,508,484,511,483,533,443,530,0.8324026
384,503,439,506,438,537,382,534,0.8772606
193,506,340,508,339,530,192,528,0.8167117
120,503,185,505,184,535,119,533,0.8730073
78,505,113,505,113,531,78,531,0.88017446
22,502,74,504,73,532,21,529,0.8718465
346,503,380,503,380,536,346,536,0.84181905
396,473,461,476,460,499,395,497,0.87566227
297,469,352,469,352,500,297,500,0.8981167
229,468,290,470,289,498,228,495,0.85857743
24,467,94,470,93,500,23,497,0.8572243
507,469,551,469,551,499,507,499,0.9044308
358,470,391,470,391,499,358,499,0.8779018
165,470,221,470,221,494,165,494,0.94580823
99,470,157,470,157,494,99,494,0.884581
557,465,623,468,621,498,556,495,0.86589986
467,468,502,468,502,495,467,495,0.9033162
94,411,133,411,133,427,94,427,0.7826765
569,396,621,398,621,413,569,411,0.8119806
95,381,166,381,166,401,95,401,0.84695613
250,310,259,310,259,325,250,325,0.55019337
151,310,165,310,165,326,151,326,0.69445616
121,308,145,308,145,325,121,325,0.7923645
26,306,44,306,44,326,26,326,0.59459895
37,258,105,258,105,271,37,271,0.73337436
131,257,164,257,164,271,131,271,0.8813464
20,257,33,257,33,273,20,273,0.7317398
116,257,125,255,127,270,118,272,0.5961187
152,196,191,198,190,213,152,211,0.8426903
119,197,149,197,149,212,119,212,0.867404
97,197,116,197,116,213,97,213,0.81309426
58,197,86,197,86,212,58,212,0.8257554
22,197,54,197,54,211,22,211,0.8869021
25,147,131,144,131,167,25,170,0.8554114
140,143,191,145,189,173,139,171,0.8851627
285,144,341,144,341,168,285,168,0.91465
221,142,277,142,277,169,221,169,0.9328789
196,142,215,142,215,169,196,169,0.8012302
408,107,459,107,459,135,408,135,0.88992673
255,108,324,108,324,135,255,135,0.8858071
467,107,513,107,513,136,467,136,0.89973575
157,108,198,108,198,133,157,133,0.87114674
85,108,150,108,150,132,85,132,0.8534051
519,105,574,107,573,134,518,131,0.8808733
26,106,77,108,76,133,25,131,0.8773178
368,106,402,106,402,133,368,133,0.93274415
202,106,248,106,248,133,202,133,0.9091912
330,105,364,105,364,132,330,132,0.8965199
93,59,150,63,149,80,92,76,0.76066256
570,45,622,47,621,62,570,60,0.7959728
92,31,200,34,199,51,92,48,0.7821066
