310,426,334,426,334,437,310,437,0.770153
290,425,310,425,310,437,290,437,0.74113977
272,424,290,424,290,436,272,436,0.73937446
256,422,273,424,271,438,254,435,0.70107895
238,420,255,422,254,436,237,434,0.7285269
215,421,239,421,239,433,215,433,0.63475585
358,419,390,419,390,436,358,436,0.8211434
390,418,427,416,428,433,391,435,0.7855259
429,418,439,418,439,431,429,431,0.72816974
440,416,479,414,480,429,441,431,0.8019331
480,412,504,409,506,424,482,427,0.75044817
504,408,535,406,536,423,505,425,0.7560211
440,304,480,304,480,317,440,317,0.86781716
414,304,439,304,439,319,414,319,0.7862589
322,281,373,279,374,305,323,307,0.8307364
375,277,423,275,424,308,377,310,0.8324876
482,278,529,276,530,295,483,297,0.8062876
425,275,477,272,479,298,426,301,0.8453963
356,261,388,259,389,270,357,272,0.7310344
393,258,427,255,429,270,395,272,0.78041357
433,256,460,256,460,269,433,269,0.78871995
463,255,508,252,509,269,464,272,0.7082629
489,229,526,228,527,238,489,240,0.6762075
299,228,329,228,329,238,299,238,0.74957395
334,225,356,225,356,236,334,236,0.6911787
358,225,382,225,382,235,358,235,0.7631417
