586,922,695,922,695,947,586,947,0.7091296
550,919,582,919,582,952,550,952,0.80511636
440,448,501,452,500,484,438,481,0.82246083
393,450,435,450,435,478,393,478,0.8633382
505,448,572,448,572,479,505,479,0.68562883
413,421,455,421,455,439,413,439,0.8487791
462,410,518,410,518,442,462,442,0.8213434
524,413,544,413,544,440,524,440,0.80524343
464,379,500,379,500,410,464,410,0.76672834
504,379,537,379,537,404,504,404,0.8317157
427,377,463,377,463,406,427,406,0.8057567
421,112,459,112,459,136,421,136,0.8033631
325,112,368,112,368,133,325,133,0.84893703
371,110,392,110,392,134,371,134,0.8138802
395,109,419,109,419,131,395,131,0.8028245
347,89,378,89,378,103,347,103,0.7626549
440,84,482,84,482,107,440,107,0.7851411
408,85,436,85,436,104,408,104,0.858485
313,85,342,85,342,106,313,106,0.7711778
296,86,314,86,314,103,296,103,0.7666122
381,84,405,84,405,104,381,104,0.74325025
403,59,441,59,441,77,403,77,0.7924048
444,58,480,58,480,76,444,76,0.8612447
376,56,401,56,401,76,376,76,0.7726962
337,54,374,54,374,77,337,77,0.79425985
297,54,335,54,335,77,297,77,0.7970379
359,30,413,30,413,52,359,52,0.814315
435,30,467,30,467,49,435,49,0.75663143
416,31,433,31,433,50,416,50,0.6693096
313,30,355,30,355,48,313,48,0.78580797
