833,926,940,928,939,941,833,940,0.5052433
810,893,898,893,898,928,810,928,0.8107087
898,892,942,892,942,928,898,928,0.8583004
320,257,439,257,439,290,320,290,0.94116795
70,254,169,260,166,300,68,293,0.87154174
260,254,314,254,314,295,260,295,0.8632811
576,251,740,251,740,289,576,289,0.9007483
451,248,564,248,564,292,451,292,0.92148876
175,247,254,247,254,293,175,293,0.86079806
653,196,720,196,720,232,653,232,0.86006075
726,189,825,192,823,233,724,230,0.8023542
283,187,412,191,411,230,282,225,0.8824845
143,187,275,191,274,231,141,226,0.8709504
510,186,588,186,588,227,510,227,0.89753383
473,188,508,188,508,235,473,235,0.83106786
67,187,132,187,132,226,67,226,0.8832079
593,185,652,185,652,229,593,229,0.85375935
418,184,473,184,473,229,418,229,0.8414051
385,124,520,124,520,162,385,162,0.86601734
667,118,770,123,768,166,665,161,0.86400044
530,121,658,121,658,160,530,160,0.89216596
276,118,375,123,373,164,274,159,0.87399817
160,122,265,122,265,156,160,156,0.91791487
773,119,842,119,842,160,773,160,0.88360184
66,119,149,119,149,158,66,158,0.8810197
