395,921,600,921,600,978,395,978,0.8275286
304,656,442,659,441,704,303,701,0.8574571
534,655,616,658,614,700,532,697,0.879172
626,656,695,656,695,700,626,700,0.9089684
453,654,524,658,522,702,451,698,0.8856385
112,597,253,600,252,644,111,641,0.89916736
746,596,826,596,826,646,746,646,0.9008165
570,598,650,598,650,640,570,640,0.887868
456,598,560,598,560,638,456,638,0.9046545
836,598,889,598,889,639,836,639,0.9239788
661,592,741,596,738,651,658,647,0.84985226
359,596,442,596,442,639,359,639,0.9213618
265,592,348,592,348,641,265,641,0.89129055
823,533,937,538,935,588,821,583,0.8993168
622,537,705,533,707,583,624,587,0.87844425
331,536,414,536,414,585,331,585,0.86981016
714,536,811,536,811,579,714,579,0.9155825
424,536,524,536,524,578,424,578,0.90041846
224,536,320,536,320,579,224,579,0.9076764
131,534,215,534,215,588,131,588,0.8998014
534,535,614,535,614,579,534,579,0.9043612
62,532,124,532,124,580,62,580,0.8844134
