248,566,314,568,313,585,248,584,0.81129426
163,566,215,566,215,585,163,585,0.7646367
131,567,156,567,156,585,131,585,0.81262654
389,565,418,565,418,585,389,585,0.871438
344,564,384,566,383,586,343,584,0.843297
490,559,514,559,514,582,490,582,0.73681146
520,559,544,559,544,578,520,578,0.8076779
163,518,209,518,209,543,163,543,0.92492765
129,517,156,517,156,544,129,544,0.9287581
417,484,444,484,444,507,417,507,0.85381234
358,477,412,477,412,512,358,512,0.8893925
130,480,185,480,185,505,130,505,0.86083263
494,479,526,479,526,510,494,510,0.9119405
302,477,351,479,350,508,301,505,0.8816622
237,478,296,478,296,506,237,506,0.865404
451,475,488,475,488,506,451,506,0.93017125
193,475,229,475,229,506,193,506,0.89964014
318,449,345,449,345,468,318,468,0.890705
131,442,220,445,219,472,130,469,0.84375185
354,446,427,441,429,469,355,474,0.8337117
465,443,501,441,503,473,467,475,0.8093628
271,443,311,443,311,469,271,469,0.877617
229,442,265,442,265,469,229,469,0.8981598
435,442,463,442,463,469,435,469,0.867848
245,408,336,412,335,435,244,431,0.809488
131,409,236,414,235,435,130,430,0.81491345
208,345,293,351,292,378,207,372,0.7416196
411,79,476,82,475,112,410,109,0.86940604
340,82,401,82,401,106,340,106,0.88887346
281,79,331,81,329,113,279,110,0.8742846
523,79,589,81,589,108,523,106,0.8358428
109,80,157,82,156,107,108,105,0.87125486
41,80,100,82,100,107,40,105,0.8745257
482,80,517,80,517,109,482,109,0.85727304
212,78,273,78,273,112,212,112,0.837207
163,79,206,79,206,108,163,108,0.8649346
15,80,33,80,33,106,15,106,0.86600083
447,28,497,33,494,64,444,60,0.8777811
379,30,438,30,438,58,379,58,0.84737617
205,30,262,32,261,57,205,56,0.8728666
140,31,196,31,196,57,140,57,0.85900754
338,31,371,31,371,57,338,57,0.85961145
269,31,330,29,331,56,270,58,0.88012105
104,30,132,30,132,62,104,62,0.8650784
