144,165,230,169,228,201,142,197,0.8579387
240,161,310,164,308,200,238,197,0.88165253
7,163,75,163,75,193,7,193,0.92162573
508,163,550,163,550,194,508,194,0.914248
386,162,434,162,434,195,386,195,0.9118087
86,162,134,162,134,195,86,195,0.9172535
442,161,499,161,499,195,442,195,0.9085212
319,161,377,161,377,195,319,195,0.9427665
192,117,278,117,278,149,192,149,0.9302195
337,116,393,116,393,152,337,152,0.90274626
107,115,177,115,177,151,107,151,0.9319966
7,115,94,115,94,153,7,153,0.88371956
512,114,579,114,579,153,512,153,0.8637075
635,114,706,114,706,147,635,147,0.9031707
465,115,503,115,503,151,465,151,0.91714376
402,115,456,115,456,146,402,146,0.9160975
286,115,326,113,328,146,288,148,0.8540439
586,112,626,112,626,147,586,147,0.8938224
109,68,175,68,175,105,109,105,0.88222533
561,65,630,68,628,105,560,102,0.8991857
7,65,100,68,99,105,5,102,0.897644
485,64,550,66,549,100,484,98,0.86538315
363,65,432,65,432,98,363,98,0.9384347
184,66,237,66,237,98,184,98,0.9066166
246,65,307,65,307,99,246,99,0.91587734
637,63,680,63,680,99,637,99,0.88256794
439,63,479,63,479,99,439,99,0.86034954
316,63,354,63,354,100,316,100,0.9133052
599,19,701,23,700,55,598,51,0.9008006
331,19,447,19,447,48,331,48,0.87721443
455,18,522,18,522,51,455,51,0.9045911
68,16,136,16,136,57,68,57,0.8440496
7,19,57,19,57,51,7,51,0.90256083
530,15,587,17,586,52,529,49,0.895672
142,18,184,18,184,51,142,51,0.9226472
240,16,319,16,319,51,240,51,0.8525796
192,17,232,17,232,51,192,51,0.89497113
