518,1130,651,1130,651,1150,518,1150,0.69842684
760,1047,891,1047,891,1072,760,1072,0.8231304
270,1046,311,1042,315,1073,274,1078,0.7731595
830,970,909,970,909,996,830,996,0.8753916
747,969,819,969,819,1002,747,1002,0.8889262
285,969,304,969,304,996,285,996,0.66035193
744,892,909,892,909,922,744,922,0.7799181
284,895,303,895,303,922,284,922,0.80860436
763,820,867,824,866,849,762,846,0.7926388
284,822,303,822,303,850,284,850,0.68164796
844,747,918,747,918,774,844,774,0.88515764
735,747,832,747,832,774,735,774,0.7932922
282,744,306,744,306,776,282,776,0.67677546
765,677,890,677,890,698,765,698,0.9255981
284,673,303,673,303,702,284,702,0.7626759
734,598,922,598,922,628,734,628,0.82274693
758,526,873,526,873,554,758,554,0.81655693
282,522,306,522,306,555,282,555,0.78509367
822,452,905,452,905,478,822,478,0.809587
750,447,812,447,812,482,750,482,0.83064085
282,448,309,448,309,480,282,480,0.74323225
862,376,930,376,930,405,862,405,0.92431825
780,374,852,374,852,406,780,406,0.85113496
284,377,301,374,305,405,289,407,0.6579108
722,370,772,370,772,408,722,408,0.9056403
860,273,932,273,932,306,860,306,0.90060616
279,268,398,268,398,306,279,306,0.89994705
729,262,850,262,850,304,729,304,0.8689875
184,257,267,253,269,301,186,305,0.86920494
750,174,830,174,830,207,750,207,0.82761294
502,177,669,177,669,198,502,198,0.80482405
680,174,744,174,744,201,680,201,0.84239507
423,174,494,174,494,201,423,201,0.87173367
363,168,417,168,417,212,363,212,0.81330705
240,106,338,106,338,152,240,152,0.9123519
531,98,699,98,699,158,531,158,0.91894436
352,98,513,98,513,150,352,150,0.92653906
1024,94,1146,94,1146,152,1024,152,0.88747853
722,90,880,90,880,148,722,148,0.89394987
48,92,221,88,222,148,49,152,0.8933363
895,88,1012,88,1012,153,895,153,0.8792058
669,44,868,44,868,79,669,79,0.8936163
391,39,522,39,522,81,391,81,0.92698836
888,34,952,34,952,86,888,86,0.8730571
630,40,653,36,660,79,637,82,0.59042263
240,27,375,27,375,93,240,93,0.90485054
538,22,620,26,617,87,535,83,0.8506843
