609,398,759,398,759,443,609,443,0.8912673
773,396,851,396,851,439,773,439,0.93059367
408,394,501,394,501,445,408,445,0.8480848
343,396,400,398,398,440,342,437,0.8929213
189,395,268,395,268,444,189,444,0.9291521
511,393,593,393,593,446,511,446,0.9039544
126,396,179,396,179,439,126,439,0.9068679
49,396,114,391,117,441,52,446,0.90274954
281,394,334,394,334,439,281,439,0.91291356
583,339,664,339,664,384,583,384,0.91888493
420,336,567,339,567,384,419,381,0.9124096
317,335,404,335,404,387,317,387,0.9071464
55,336,171,336,171,376,55,376,0.93107617
723,336,779,336,779,379,723,379,0.88146704
853,334,908,336,907,379,851,377,0.90753555
279,339,306,339,306,380,279,380,0.8368082
186,334,268,334,268,378,186,378,0.92437077
788,335,844,335,844,378,788,378,0.92437077
676,336,715,336,715,379,676,379,0.89164186
641,288,743,286,744,323,642,325,0.8648456
758,287,832,287,832,317,758,317,0.9194296
315,273,396,278,394,327,312,322,0.8854834
844,274,910,277,908,321,842,319,0.89988303
549,273,631,273,631,325,549,325,0.93051577
224,276,303,276,303,317,224,317,0.91755944
119,272,213,272,213,326,119,326,0.8714006
404,275,458,273,460,316,406,319,0.8891244
53,273,111,273,111,319,53,319,0.8897154
469,272,538,272,538,318,469,318,0.93270975
326,113,417,113,417,141,326,141,0.81735086
227,113,255,113,255,142,227,142,0.62409925
486,109,497,109,497,135,486,135,0.5080401
335,57,490,55,490,94,335,95,0.86418855
223,58,320,58,320,90,223,90,0.8573695
