585,1393,919,1393,919,1479,585,1479,0.8707313
128,1236,197,1236,197,1290,128,1290,0.5407528
516,1222,602,1222,602,1296,516,1296,0.93103427
1001,1217,1151,1217,1151,1286,1001,1286,0.8927826
388,1215,510,1215,510,1296,388,1296,0.91242933
234,1217,384,1217,384,1286,234,1286,0.8805518
1161,1217,1219,1217,1219,1284,1161,1284,0.90208656
1224,1209,1326,1209,1326,1286,1224,1286,0.92034584
1157,733,1275,733,1275,789,1157,789,0.91714966
999,724,1149,724,1149,793,999,793,0.86517227
234,724,384,724,384,793,234,793,0.8910489
390,724,450,724,450,791,390,791,0.8338207
1284,716,1372,716,1372,791,1284,791,0.947351
454,718,519,718,519,793,454,793,0.86970645
360,122,643,122,643,203,360,203,0.9154915
114,116,328,116,328,221,114,221,0.9259455
780,118,1084,118,1084,204,780,204,0.87486154
1106,101,1380,101,1380,210,1106,210,0.9245858
672,90,764,95,758,213,666,209,0.8601613
