533,621,659,621,659,656,533,656,0.93791425
670,619,746,619,746,658,670,658,0.94458246
752,616,828,619,827,660,751,658,0.8934445
309,618,395,618,395,656,309,656,0.8822299
230,617,304,617,304,658,230,658,0.9018831
31,623,50,623,50,658,31,658,0.76392543
55,614,136,616,135,658,54,656,0.8988604
143,612,224,612,224,658,143,658,0.8855299
792,577,865,577,865,611,792,611,0.9256397
256,573,364,573,364,615,256,615,0.9098247
62,574,119,574,119,609,62,609,0.88401544
711,570,788,570,788,611,711,611,0.913273
492,568,607,570,606,609,491,607,0.91685253
616,569,703,569,703,610,616,610,0.9233595
123,568,191,568,191,611,123,611,0.8854636
193,565,250,567,249,613,192,611,0.8924603
59,200,90,200,90,231,59,231,0.6763462
15,195,57,203,51,230,10,222,0.6069263
534,82,591,82,591,104,534,104,0.9163898
602,72,715,75,714,110,601,107,0.8754079
461,76,527,76,527,107,461,107,0.9006517
250,77,328,77,328,104,250,104,0.94723094
726,72,816,74,815,110,725,108,0.8920608
391,73,452,75,451,111,389,109,0.88254285
84,75,145,75,145,106,84,106,0.91583544
191,75,240,75,240,105,191,105,0.8844951
335,74,382,72,384,106,337,108,0.8575368
153,74,185,74,185,106,153,106,0.8905441
231,37,289,35,290,59,231,62,0.86432576
75,30,153,33,152,68,74,64,0.8851972
740,30,804,30,804,66,740,66,0.9012744
810,31,864,31,864,61,810,61,0.91403776
645,29,732,29,732,60,645,60,0.88144386
575,28,637,28,637,66,575,66,0.85834855
297,29,359,27,360,65,298,68,0.8624032
162,30,202,30,202,62,162,62,0.9231544
416,26,497,26,497,67,416,67,0.83777523
367,29,408,29,408,62,367,62,0.9234365
34,30,67,30,67,61,34,61,0.88231933
505,27,568,27,568,61,505,61,0.8736535
208,32,224,32,224,62,208,62,0.7457636
