837,152,1064,144,1066,216,839,224,0.92703503
676,144,818,149,815,229,674,224,0.894518
35,156,265,144,269,213,39,224,0.870261
543,142,654,142,654,212,543,212,0.9351008
291,140,385,140,385,226,291,226,0.8827561
399,139,522,139,522,212,399,212,0.9379168
1099,52,1288,58,1286,122,1097,116,0.86616576
38,43,234,55,230,126,33,114,0.84499323
466,41,656,41,656,110,466,110,0.89571637
253,33,442,37,440,125,251,121,0.89283997
986,40,1083,40,1083,113,986,113,0.86066836
674,38,790,38,790,113,674,113,0.92118835
811,32,971,32,971,124,811,124,0.9034091
