194,871,338,871,338,923,194,923,0.91915005
614,869,725,869,725,924,614,924,0.91454196
342,874,479,871,480,911,343,913,0.87244004
486,870,607,870,607,913,486,913,0.8817046
724,869,767,869,767,917,724,917,0.830333
558,810,673,810,673,864,558,864,0.9572387
326,802,469,802,469,853,326,853,0.903945
676,800,751,800,751,856,676,856,0.9180894
473,799,553,799,553,857,473,857,0.93326867
207,788,322,791,320,857,205,854,0.9140679
564,200,612,200,612,244,564,244,0.7262968
331,193,506,191,507,251,332,253,0.7818188
239,193,365,193,365,256,239,256,0.6430638
612,193,716,193,716,252,612,252,0.88286436
510,191,571,195,567,255,505,251,0.75301236
205,197,244,197,244,252,205,252,0.8113252
722,191,794,191,794,257,722,257,0.86868614
467,137,602,137,602,180,467,180,0.8909813
610,130,798,130,798,180,610,180,0.90477985
335,125,461,125,461,184,335,184,0.8985999
195,118,328,115,329,182,197,185,0.9225522
824,15,939,21,936,75,821,69,0.8608106
