248,542,397,544,396,584,248,582,0.7844758
528,450,599,450,599,477,528,477,0.899458
442,448,518,448,518,482,442,482,0.9061867
115,448,199,448,199,476,115,476,0.8905812
48,448,106,450,105,478,47,476,0.8692384
320,447,377,447,377,478,320,478,0.8680964
384,447,432,447,432,479,384,479,0.8967758
210,445,265,447,264,479,208,477,0.8629887
272,445,312,445,312,480,272,480,0.8686014
175,406,260,406,260,435,175,435,0.89490795
483,405,540,405,540,436,483,436,0.89255977
421,406,475,406,475,435,421,435,0.9152166
332,406,411,404,412,434,333,436,0.8912505
107,405,165,407,164,435,106,433,0.88257647
269,405,325,405,325,436,269,436,0.8826984
276,261,373,256,376,306,279,310,0.57873565
