1102,1158,1168,1158,1168,1168,1102,1168,0.70639867
981,1155,1094,1155,1094,1170,981,1170,0.66253674
86,1138,203,1142,202,1164,85,1161,0.7558631
45,1140,75,1140,75,1164,45,1164,0.7176965
484,942,630,942,630,992,484,992,0.8862904
651,939,784,939,784,993,651,993,0.8730743
412,944,465,944,465,993,412,993,0.9486062
573,849,666,849,666,900,573,900,0.9132756
412,850,464,850,464,900,412,900,0.9081742
476,843,560,843,560,903,476,903,0.89430463
588,753,717,753,717,807,588,807,0.8890644
484,752,572,757,569,818,481,814,0.8648906
410,758,468,758,468,810,410,810,0.81288254
651,663,784,663,784,717,651,717,0.86844164
484,664,630,664,630,714,484,714,0.8817183
410,664,465,664,465,718,410,718,0.86675113
608,574,776,574,776,633,608,633,0.84472334
484,573,585,573,585,626,484,626,0.9199861
412,573,465,573,465,626,412,626,0.85577524
450,516,462,516,462,531,450,531,0.50536966
483,481,637,481,637,534,483,534,0.90065396
657,475,766,479,763,536,655,532,0.8639242
417,480,447,480,447,532,417,532,0.69059813
326,271,504,275,503,330,325,327,0.89218944
86,273,218,273,218,328,86,328,0.9674157
520,272,698,268,699,327,521,330,0.8980037
720,260,891,260,891,320,720,320,0.894521
1005,256,1117,260,1114,325,1003,320,0.89903605
231,260,314,260,314,322,231,322,0.9112603
908,252,996,252,996,322,908,322,0.86961436
184,189,362,189,362,242,184,242,0.9097416
874,186,1011,186,1011,248,874,248,0.8852705
438,189,608,189,608,237,438,237,0.8976208
376,188,423,188,423,238,376,238,0.85537755
630,177,853,174,854,232,631,236,0.8819152
1029,176,1154,176,1154,238,1029,238,0.8898933
42,176,170,176,170,237,42,237,0.8726831
