254,253,348,253,348,286,254,286,0.88583
453,250,553,250,553,281,453,281,0.87368333
356,250,442,249,442,280,357,281,0.90404767
48,249,164,248,164,280,48,281,0.8515759
173,247,245,247,245,284,173,284,0.868132
446,214,515,214,515,235,446,235,0.8812122
367,213,438,213,438,236,367,235,0.8730777
280,212,359,211,359,235,281,236,0.90295386
201,210,240,210,240,237,201,237,0.9146576
126,208,194,208,194,236,126,236,0.8843276
90,209,120,209,120,237,90,237,0.8730256
246,209,273,209,273,237,246,237,0.8861913
