395,921,600,921,600,978,395,978,0.82452226
373,675,505,678,504,727,372,723,0.85993063
578,679,688,676,689,717,580,720,0.86454284
265,674,360,674,360,728,265,728,0.8704743
159,675,255,675,255,718,159,718,0.9019188
749,672,841,672,841,720,749,720,0.8775194
699,675,742,675,742,728,699,728,0.8511194
516,675,570,675,570,719,516,719,0.9316323
461,619,582,616,583,662,462,665,0.8756394
595,616,682,616,682,662,595,662,0.8777548
319,616,399,616,399,660,319,660,0.88186425
406,615,451,615,451,661,406,661,0.87953526
184,560,344,560,344,605,184,605,0.91056716
738,556,816,556,816,606,738,606,0.8849758
522,556,610,556,610,605,522,605,0.9052449
673,556,732,552,735,598,676,602,0.8361266
614,554,671,554,671,601,614,601,0.9010528
434,549,512,553,510,602,432,598,0.87714136
354,554,423,551,426,597,357,601,0.871419
