398,925,599,925,599,978,398,978,0.84853655
849,799,878,799,878,809,849,809,0.5635934
745,772,841,772,841,819,745,819,0.82758355
684,776,735,776,735,812,684,812,0.89451325
500,774,574,774,574,811,500,811,0.94116235
240,774,329,774,329,811,240,811,0.8659992
181,774,230,774,230,819,181,819,0.8873161
585,772,675,772,675,810,585,810,0.87846583
409,771,490,771,490,812,409,812,0.91921276
339,772,399,772,399,812,339,812,0.9019351
118,771,172,771,172,811,118,811,0.9160873
354,719,461,726,458,766,352,759,0.8488514
776,716,882,721,880,766,774,761,0.8793812
164,719,246,719,246,762,164,762,0.8926242
679,716,768,716,768,764,679,764,0.8899971
472,718,570,718,570,758,472,758,0.89097834
581,716,670,716,670,758,581,758,0.920408
258,716,345,716,345,758,258,758,0.905973
116,718,158,718,158,758,116,758,0.8828611
227,672,297,672,297,700,227,700,0.87734395
569,664,714,664,714,704,569,704,0.8638994
774,662,888,662,888,709,774,709,0.87531406
484,661,556,661,556,700,484,700,0.8725418
401,660,472,660,472,702,401,702,0.9215541
342,662,390,662,390,701,342,701,0.895821
112,655,218,662,216,708,109,702,0.8568682
722,661,762,661,762,702,722,702,0.881412
308,662,335,662,335,704,308,704,0.7731263
