116,919,134,919,134,928,116,928,0.5387966
79,918,114,918,114,926,79,926,0.5619753
30,905,59,905,59,931,30,931,0.72149664
76,900,144,903,144,919,75,917,0.629571
389,833,468,833,468,868,389,868,0.8822076
548,832,650,832,650,862,548,862,0.9235124
474,832,540,832,540,863,474,863,0.8665267
305,830,383,830,383,865,305,865,0.8262095
443,787,515,787,515,822,443,822,0.8425082
322,790,398,790,398,820,322,820,0.8760627
214,786,311,790,310,825,212,820,0.8328003
701,786,771,789,769,821,699,818,0.8430555
577,788,665,788,665,818,577,818,0.85353774
524,788,571,788,571,820,524,820,0.8988152
404,788,438,788,438,821,404,821,0.8361519
673,785,697,788,693,822,669,819,0.78354883
589,733,623,733,623,760,589,760,0.8041998
425,728,514,728,514,763,425,763,0.87321347
337,726,417,729,415,764,336,760,0.86178887
523,728,583,728,583,763,523,763,0.9220345
676,727,727,727,727,760,676,760,0.8493071
257,727,329,727,329,758,257,758,0.88185644
629,727,670,727,670,758,629,758,0.84176576
178,676,197,676,197,690,178,690,0.60664797
707,667,775,663,777,700,709,704,0.87142235
594,666,655,666,655,703,594,703,0.8640186
519,663,585,667,583,704,517,700,0.8914981
402,667,475,667,475,697,402,697,0.8944505
326,666,396,666,396,702,326,702,0.8719153
661,667,702,667,702,697,661,697,0.84971935
257,666,320,666,320,697,257,697,0.8503651
480,666,512,666,512,698,480,698,0.8723433
204,665,253,665,253,697,204,697,0.8827308
358,607,437,607,437,642,358,642,0.8900572
532,604,628,608,627,641,531,638,0.87086254
444,606,523,606,523,642,444,642,0.84588575
636,606,722,606,722,636,636,636,0.8297469
230,606,302,606,302,637,230,637,0.8116097
308,605,349,605,349,636,308,636,0.83412737
198,572,284,572,284,594,198,594,0.903063
697,570,752,570,752,592,697,592,0.88520753
476,567,542,570,541,592,475,589,0.8148536
108,571,126,571,126,586,108,586,0.564729
757,562,848,559,849,594,758,597,0.86117107
638,562,690,562,690,595,638,595,0.83716714
549,560,633,556,634,596,551,599,0.8736594
133,562,190,562,190,593,133,593,0.88487697
422,560,472,560,472,593,422,593,0.8925051
296,560,352,560,352,593,296,593,0.87966686
357,560,416,556,418,596,359,599,0.8588657
413,503,492,503,492,534,413,534,0.9179362
600,502,660,502,660,533,600,533,0.82109624
499,499,592,502,591,532,498,529,0.8316746
336,500,404,500,404,536,336,536,0.8801875
271,502,329,502,329,535,271,535,0.86599
666,499,738,499,738,530,666,530,0.8938304
216,499,264,499,264,533,216,533,0.87269026
623,457,696,457,696,493,623,493,0.86354965
533,458,614,458,614,485,533,485,0.865533
378,456,440,456,440,494,378,494,0.836169
287,454,370,458,369,492,285,489,0.88559544
446,456,524,456,524,487,446,487,0.8317541
326,406,346,406,346,421,326,421,0.5507913
488,396,554,396,554,432,488,432,0.8303818
560,395,630,395,630,426,560,426,0.8479143
422,396,482,396,482,427,422,427,0.8589007
352,395,418,395,418,427,352,427,0.8557524
793,386,868,386,868,400,793,400,0.71651304
836,367,874,367,874,384,836,384,0.75176865
790,366,837,363,838,381,792,384,0.72355556
574,293,733,293,733,349,574,349,0.9512076
200,271,370,271,370,368,200,368,0.9234516
749,272,880,275,878,355,747,351,0.9235634
77,271,188,271,188,355,77,355,0.91456795
380,265,554,260,556,351,382,356,0.93322605
