243,423,280,423,280,440,243,440,0.85276616
206,423,239,423,239,441,206,441,0.8656742
115,424,142,424,142,439,115,439,0.8814291
73,421,110,424,109,441,72,438,0.81459504
146,423,175,423,175,440,146,440,0.8557951
354,421,380,422,378,441,353,439,0.843718
18,423,40,421,41,439,19,440,0.8093254
312,420,350,420,350,439,312,439,0.8772566
284,420,310,420,310,443,284,443,0.8502636
44,421,69,421,69,439,44,439,0.8914927
178,420,203,420,203,440,178,440,0.8440026
353,397,384,399,383,419,352,417,0.81197125
259,398,298,400,297,419,258,417,0.8253804
110,398,155,402,153,418,109,414,0.8464434
20,397,55,400,53,419,18,417,0.83585334
304,397,347,397,347,418,304,418,0.8663666
233,399,254,399,254,415,233,415,0.86077946
213,399,228,399,228,415,213,415,0.870883
60,396,102,396,102,418,60,418,0.8747988
161,396,207,398,207,417,160,415,0.84219426
341,378,383,378,383,392,341,392,0.82500243
134,377,176,377,176,394,134,394,0.8352868
222,376,266,378,265,394,221,392,0.81453216
181,376,216,376,216,395,181,395,0.8669276
42,376,85,376,85,391,42,391,0.8141294
90,374,129,377,128,396,89,394,0.8376656
20,376,38,376,38,395,20,395,0.8595808
298,376,319,376,319,392,298,392,0.82641506
271,376,295,376,295,392,271,392,0.8748802
322,375,336,375,336,392,322,392,0.8045475
173,353,219,353,219,370,173,370,0.80841285
92,352,130,352,130,371,92,371,0.88218546
353,352,383,353,383,370,352,369,0.8346095
311,353,349,353,349,367,311,367,0.85537523
134,353,167,353,167,367,134,367,0.91766375
20,351,61,356,59,372,19,368,0.7445603
273,352,307,352,307,367,273,367,0.86082166
242,352,270,352,270,368,242,368,0.851444
65,352,88,352,88,368,65,368,0.8378293
222,352,238,352,238,368,222,368,0.8777516
85,330,122,330,122,347,85,347,0.86551106
303,329,344,329,344,346,303,346,0.7806826
351,328,382,329,382,344,351,343,0.8189434
264,329,298,329,298,344,264,344,0.8223818
219,328,244,328,244,344,219,344,0.8417702
186,328,214,328,214,344,186,344,0.89873207
248,329,260,329,260,344,248,344,0.8313765
127,328,147,328,147,344,127,344,0.8607786
151,327,181,327,181,344,151,344,0.91645026
50,326,80,326,80,344,50,344,0.86921674
20,326,46,326,46,344,20,344,0.897232
132,308,162,308,162,323,132,323,0.833247
58,308,89,308,89,323,58,323,0.81211066
287,305,318,305,318,322,287,322,0.874344
167,306,194,306,194,319,167,319,0.89281213
321,304,357,304,357,319,321,319,0.8014894
94,305,128,305,128,320,94,320,0.84144557
20,304,55,304,55,323,20,323,0.8585582
361,304,383,304,383,320,361,320,0.852654
237,304,264,304,264,320,237,320,0.8427864
198,305,214,305,214,320,198,320,0.81005514
216,304,235,304,235,320,216,320,0.8424968
268,304,283,304,283,320,268,320,0.81750506
270,284,307,284,307,299,270,299,0.77158105
122,282,169,282,169,298,122,298,0.8727474
87,282,116,282,116,300,87,300,0.83405715
313,282,343,282,343,296,313,296,0.85233706
232,282,264,282,264,296,232,296,0.8867701
198,281,227,281,227,298,198,298,0.93186915
53,281,82,281,82,299,53,299,0.8582906
21,282,48,282,48,297,21,297,0.8619004
173,281,193,280,195,296,174,298,0.81563586
348,279,382,279,382,296,348,296,0.8610265
340,257,383,260,382,276,339,273,0.7889513
212,256,252,260,250,276,211,273,0.8084922
85,255,118,257,117,276,84,275,0.8304824
54,257,80,257,80,276,54,276,0.8433235
21,257,48,257,48,272,21,272,0.8652336
278,255,307,255,307,273,278,273,0.87236845
257,256,273,256,273,274,257,274,0.8295243
168,255,205,255,205,272,168,272,0.8831992
125,255,161,255,161,272,125,272,0.87590235
313,255,334,255,334,273,313,273,0.8788232
44,222,71,222,71,233,44,233,0.8247046
20,221,40,221,40,234,20,234,0.81865317
138,218,182,218,182,234,138,234,0.8345978
106,218,135,218,135,234,106,234,0.8682576
75,219,101,217,102,233,76,234,0.8204595
60,200,104,200,104,214,60,214,0.80532485
325,198,364,198,364,215,325,215,0.88250166
252,197,295,197,295,213,252,213,0.89038485
222,197,248,195,249,214,223,216,0.831832
185,197,220,197,220,213,185,213,0.8688492
21,197,56,197,56,212,21,212,0.8707865
107,197,137,195,137,211,108,213,0.83824635
300,196,321,196,321,213,300,213,0.872906
143,195,181,195,181,212,143,212,0.8496117
242,179,274,179,274,192,242,192,0.83342
165,178,212,176,213,191,166,194,0.82176894
279,175,306,175,306,193,279,193,0.89809513
54,176,87,175,87,192,55,193,0.84931386
20,175,51,176,50,191,20,189,0.8581471
310,175,346,175,346,190,310,190,0.88898665
217,175,239,175,239,193,217,193,0.8582588
90,175,124,175,124,190,90,190,0.7998666
130,173,162,175,161,194,129,193,0.782192
109,140,143,140,143,152,109,152,0.7828127
74,139,96,139,96,152,74,152,0.85182387
46,139,71,139,71,152,46,152,0.833086
24,137,42,137,42,154,24,154,0.81221604
93,107,127,109,126,123,93,121,0.83367175
21,108,64,106,65,121,21,122,0.8185468
68,107,91,107,91,120,68,120,0.86457044
103,70,145,72,144,91,102,89,0.85129774
55,72,98,70,99,89,55,90,0.8364719
150,70,190,70,190,90,150,90,0.8844207
20,69,51,71,50,91,19,89,0.8684689
332,47,366,47,366,66,332,66,0.856411
118,50,127,50,127,57,118,57,0.56997097
291,42,329,46,328,67,289,64,0.85681576
216,44,285,44,285,65,216,65,0.8304936
132,43,170,45,170,62,132,60,0.88145405
176,42,211,42,211,62,176,62,0.8932129
48,42,78,42,78,62,48,62,0.854427
20,42,44,42,44,62,20,62,0.8580277
81,40,114,38,115,61,82,63,0.8873329
207,19,242,19,242,33,207,33,0.86895466
343,14,381,14,381,39,343,39,0.8806707
307,15,339,13,340,36,308,38,0.8858927
69,19,129,14,130,33,70,37,0.85450375
168,15,201,15,201,33,168,33,0.93997586
21,13,66,15,65,38,21,36,0.8545648
135,14,160,14,160,37,135,37,0.8767292
277,14,304,14,304,34,277,34,0.8843887
247,14,272,14,272,34,247,34,0.90283644
