557,776,652,776,652,804,557,804,0.9138611
431,766,538,766,538,817,431,817,0.8569324
674,760,815,764,814,808,672,804,0.8658113
354,762,418,762,418,816,354,816,0.8874174
294,763,341,763,341,808,294,808,0.90133697
86,757,202,760,201,806,85,803,0.8839496
220,758,280,758,280,807,220,807,0.929017
512,712,635,715,634,751,512,748,0.87547094
655,706,785,711,783,751,653,745,0.87773967
342,708,402,708,402,754,342,754,0.8136342
415,701,494,701,494,744,415,744,0.88268787
241,700,325,700,325,742,241,742,0.9024204
126,698,222,698,222,744,126,744,0.9058578
295,644,343,644,343,683,295,683,0.8849818
200,636,283,642,279,695,196,689,0.8797703
359,638,452,638,452,680,359,680,0.8575237
118,634,185,637,181,694,115,690,0.79623944
472,628,596,624,598,679,474,683,0.851981
618,621,776,621,776,682,618,682,0.8845653
408,550,478,544,483,608,413,614,0.903512
