309,546,368,546,368,568,309,568,0.8173571
246,545,303,547,303,568,246,566,0.8831547
329,519,388,519,388,541,329,541,0.8743009
122,518,190,518,190,540,122,540,0.84460306
441,519,485,516,486,542,443,544,0.86395514
395,518,437,518,437,538,395,538,0.87045246
190,518,244,516,245,538,191,540,0.7472877
92,515,115,518,112,545,88,542,0.81983215
492,514,544,514,544,539,492,539,0.9142882
62,516,86,516,86,540,62,540,0.81666815
276,513,322,513,322,538,276,538,0.8330219
250,514,274,517,272,541,247,539,0.81677336
408,493,443,493,443,510,408,510,0.8235982
179,492,211,492,211,513,179,513,0.8456242
350,488,401,488,401,514,350,514,0.86716366
287,490,342,490,342,509,287,509,0.8989
524,488,565,488,565,514,524,514,0.87947863
44,488,90,488,90,510,44,510,0.8510556
484,488,518,488,518,511,484,511,0.86159676
97,488,126,488,126,510,97,510,0.8819655
449,487,480,487,480,512,449,512,0.8121565
218,485,279,485,279,514,218,514,0.8817609
131,484,175,484,175,511,131,511,0.8526813
54,55,87,55,87,65,54,65,0.5408128
34,56,56,56,56,64,34,64,0.6802248
12,54,34,57,33,65,11,62,0.6135939
265,26,334,26,334,59,265,59,0.8947282
345,25,462,25,462,56,345,56,0.937876
120,25,254,25,254,56,120,56,0.89746004
