487,165,534,165,534,184,487,184,0.8645051
396,164,440,164,440,187,396,187,0.8701216
285,164,325,164,325,188,285,188,0.8422818
92,164,142,164,142,187,92,187,0.85120004
444,164,483,164,483,184,444,184,0.846889
328,164,363,164,363,184,328,184,0.827161
236,164,280,164,280,184,236,184,0.8690687
196,164,232,164,232,184,196,184,0.90496385
146,163,192,163,192,187,146,187,0.8301721
60,164,87,164,87,185,60,185,0.84483975
31,164,57,164,57,185,31,185,0.8643749
366,162,392,162,392,184,366,184,0.90482736
325,140,369,140,369,155,325,155,0.87733096
543,136,618,136,618,154,543,154,0.7546534
256,136,317,136,317,158,256,158,0.8376202
100,136,144,136,144,159,100,159,0.8765687
32,135,94,137,93,160,31,157,0.8390528
507,136,539,136,539,157,507,157,0.80054116
464,136,503,136,503,156,464,156,0.87175596
451,139,459,139,459,154,451,154,0.62517166
375,136,412,136,412,156,375,156,0.8934451
181,136,218,136,218,156,181,156,0.9076715
627,135,653,135,653,157,627,157,0.7917582
418,135,445,135,445,157,418,157,0.8129081
223,135,252,135,252,157,223,157,0.80098724
148,135,176,135,176,156,148,156,0.8124248
111,112,153,112,153,127,111,127,0.83356595
478,109,518,109,518,128,478,128,0.8880458
404,108,472,108,472,131,404,131,0.81420463
205,109,254,109,254,129,205,129,0.8541399
630,109,654,109,654,129,630,129,0.84132904
523,108,557,108,557,128,523,128,0.86748934
310,106,356,108,355,129,309,126,0.8215702
261,107,305,107,305,131,261,131,0.8896654
171,108,199,108,199,131,171,131,0.834223
31,108,70,108,70,128,31,128,0.8244667
592,107,624,107,624,128,592,128,0.8501245
561,107,588,107,588,128,561,128,0.86988103
362,107,398,107,398,128,362,128,0.8521601
74,107,106,107,106,128,74,128,0.8042475
238,31,273,31,273,47,238,47,0.7768081
144,27,179,30,177,50,142,47,0.6105761
111,11,146,11,146,22,111,22,0.77663374
