79,900,248,900,248,932,79,932,0.77836466
22,898,67,898,67,942,22,942,0.8612127
276,193,366,193,366,229,276,229,0.9051726
583,180,695,180,695,229,583,229,0.9284091
458,178,568,178,568,230,458,230,0.8988939
379,176,446,176,446,232,379,232,0.8989928
497,116,586,116,586,151,497,151,0.9398209
168,102,268,105,266,155,166,152,0.90230453
361,102,479,102,479,156,361,156,0.9175291
679,98,800,101,798,159,678,156,0.8970892
600,100,667,100,667,156,600,156,0.9097514
280,100,347,100,347,155,280,155,0.91643107
