451,910,523,910,523,926,451,926,0.8400537
324,797,404,804,401,843,320,837,0.7794901
646,796,727,796,727,842,646,842,0.9023016
134,793,257,796,256,843,133,840,0.83836144
566,794,637,794,637,835,566,835,0.92424405
409,796,462,796,462,835,409,835,0.921466
738,793,832,793,832,834,738,834,0.88372976
265,793,318,793,318,841,265,841,0.8850987
469,792,518,792,518,841,469,841,0.8823722
522,793,559,793,559,835,522,835,0.81702566
463,721,592,721,592,764,463,764,0.8475453
707,720,818,720,818,764,707,764,0.8825906
308,721,386,721,386,763,308,763,0.8716127
826,719,927,716,928,756,828,759,0.8692494
605,720,695,720,695,756,605,756,0.95424235
145,719,239,719,239,760,145,760,0.9033665
43,714,138,721,134,768,40,761,0.83403224
244,719,299,716,302,757,247,760,0.86200124
394,713,454,713,454,758,394,758,0.90138364
646,108,722,112,719,154,644,150,0.8670649
550,109,634,109,634,144,550,144,0.9337012
283,108,348,108,348,145,283,145,0.8859758
801,16,939,22,936,84,798,77,0.89786994
