811,961,976,961,976,979,811,979,0.7066959
449,240,594,240,594,300,449,300,0.9297619
612,238,710,238,710,295,612,295,0.8980039
273,236,426,242,423,296,271,289,0.88337564
243,159,386,173,381,221,239,207,0.8744138
616,157,747,152,749,216,618,221,0.9031787
502,154,600,154,600,211,502,211,0.86976725
399,154,487,151,489,219,402,223,0.86670446
129,82,229,86,227,149,127,146,0.88400644
631,79,782,87,779,147,628,139,0.8847141
247,80,348,95,340,152,239,138,0.87139577
489,80,611,80,611,146,489,146,0.90503764
359,81,470,81,470,138,359,138,0.8799282
795,83,850,79,856,144,800,149,0.8534562
