867,1350,926,1355,924,1381,865,1376,0.6813751
700,1321,859,1321,859,1377,700,1377,0.8902559
559,1310,688,1310,688,1377,559,1377,0.9162601
164,1307,282,1307,282,1380,164,1380,0.9125139
416,1305,549,1305,549,1379,416,1379,0.90692496
291,1304,409,1304,409,1379,291,1379,0.92399925
474,1234,681,1234,681,1297,474,1297,0.84599143
287,1234,459,1234,459,1297,287,1297,0.9017416
183,1234,282,1234,282,1307,183,1307,0.87607074
787,1232,905,1232,905,1300,787,1300,0.9139425
686,1232,782,1232,782,1302,686,1302,0.89521646
744,508,920,508,920,576,744,576,0.8887966
275,506,491,506,491,567,275,567,0.889192
503,504,635,504,635,569,503,569,0.9097814
643,504,732,504,732,569,643,569,0.8934071
171,499,262,499,262,572,171,572,0.92998856
459,324,707,360,700,407,452,372,0.82947
