496,447,562,449,561,488,495,487,0.8765363
414,446,491,450,489,488,412,485,0.84081745
369,418,419,418,419,441,369,441,0.8579736
182,417,239,419,238,445,181,442,0.8498068
247,416,311,418,311,445,247,444,0.84573615
94,417,130,417,130,439,94,439,0.87573266
318,416,362,416,362,439,318,439,0.9170816
137,416,173,416,173,439,137,439,0.9259716
35,415,86,416,85,440,34,438,0.86205596
531,384,592,384,592,409,531,409,0.85566396
158,384,200,384,200,406,158,406,0.89422965
208,381,252,383,251,413,207,411,0.87610906
88,384,116,384,116,405,88,405,0.92886907
463,384,493,382,494,405,465,407,0.82331324
336,382,399,382,399,405,336,405,0.87642735
257,383,288,383,288,407,257,407,0.8633
408,382,457,382,457,405,408,405,0.9254337
122,382,151,382,151,412,122,412,0.87308484
36,380,78,382,77,409,35,407,0.8472756
501,382,522,382,522,406,501,406,0.84628695
295,381,328,381,328,407,295,407,0.86115175
140,352,185,352,185,376,140,376,0.86969805
452,353,489,353,489,372,452,372,0.91562235
191,354,253,349,255,377,193,381,0.8576998
416,352,444,352,444,373,416,373,0.840639
361,350,409,350,409,373,361,373,0.871634
36,351,68,351,68,374,36,374,0.8699218
577,349,622,349,622,374,577,374,0.89289874
497,349,572,349,572,374,497,374,0.75469774
301,350,354,348,355,372,302,373,0.8730795
110,351,132,351,132,374,110,374,0.87133884
74,349,103,349,103,380,74,380,0.85473424
262,349,295,349,295,374,262,374,0.91578144
38,295,73,301,66,341,31,334,0.73556083
