460,705,470,705,470,711,460,711,0.5251067
513,703,531,703,531,710,513,710,0.532752
393,702,411,702,411,712,393,712,0.50089127
626,703,641,700,643,711,628,712,0.5230771
577,701,599,697,602,711,580,712,0.6265253
410,700,438,695,440,709,412,712,0.7083709
211,701,255,694,258,710,213,712,0.5307103
163,701,190,695,194,709,167,712,0.6071793
99,698,136,694,138,710,101,712,0.6378693
641,699,663,693,666,708,645,712,0.6629198
530,698,554,694,556,708,533,712,0.6848907
470,700,495,694,498,708,473,712,0.6804191
284,703,313,694,317,707,288,712,0.6333142
347,698,380,691,383,708,350,712,0.6919064
701,697,723,692,726,706,704,711,0.72486234
600,696,627,690,630,703,603,709,0.7043024
662,693,679,690,682,705,664,708,0.68970406
380,695,396,691,399,702,382,707,0.7143822
314,694,331,690,335,704,318,708,0.69725657
552,693,570,689,574,704,556,708,0.6536725
498,693,525,687,528,701,501,708,0.6932659
723,691,748,685,752,700,726,706,0.70882404
190,695,225,686,229,701,194,710,0.75219697
257,693,294,683,298,699,261,709,0.6881297
679,691,703,684,707,698,683,704,0.72423667
626,691,641,685,645,698,630,703,0.6377601
332,689,355,684,358,698,335,703,0.66644573
138,693,168,684,171,698,141,706,0.683512
454,689,482,683,485,697,457,703,0.6855233
396,690,421,683,425,697,400,704,0.695402
572,689,607,681,610,694,575,702,0.7427875
640,685,661,679,665,694,644,700,0.67996734
526,686,552,680,555,693,529,700,0.6940708
424,682,437,682,437,695,424,695,0.65482646
169,684,187,679,191,693,173,698,0.6783618
226,685,259,677,262,693,229,701,0.7139469
96,684,128,676,131,691,100,699,0.6928881
704,683,732,677,735,691,707,697,0.670635
356,684,382,676,386,691,359,698,0.677232
485,681,513,676,515,690,488,695,0.72839195
187,681,204,676,208,687,191,693,0.6533285
661,681,686,675,689,688,664,694,0.7658935
606,680,628,675,632,689,610,694,0.69222385
295,683,334,673,338,688,299,698,0.6753069
772,682,798,672,803,685,777,695,0.638705
732,677,747,673,750,684,736,689,0.6824484
629,676,645,672,647,684,632,688,0.6803074
552,677,580,670,583,684,556,692,0.69296706
258,676,279,671,283,685,262,691,0.70909816
451,676,475,669,478,683,454,689,0.7012271
383,676,406,669,409,683,387,690,0.6894935
204,674,224,669,228,685,207,689,0.6763945
132,676,158,670,161,685,135,691,0.6997199
686,673,707,668,710,684,689,688,0.64012647
512,675,533,669,536,684,515,689,0.7234011
801,671,816,671,816,684,801,684,0.66083264
583,672,598,669,600,681,586,684,0.6655281
335,673,357,667,361,681,339,687,0.6928315
648,669,662,669,662,682,648,682,0.6583731
280,672,300,667,304,681,283,686,0.6983838
92,671,115,666,118,679,95,684,0.666367
407,671,430,665,433,678,410,684,0.66858065
225,668,245,665,247,680,227,683,0.6547777
707,668,728,664,730,677,710,682,0.7095346
476,669,498,662,502,675,480,682,0.7115573
360,668,376,664,379,676,363,680,0.6600485
599,668,619,662,623,676,603,682,0.70442015
533,671,563,662,567,675,537,685,0.69712114
160,669,190,662,193,676,163,683,0.7281127
816,668,846,661,849,675,819,682,0.700653
659,667,682,661,685,675,663,680,0.691819
301,668,326,661,329,675,304,681,0.70985734
771,665,792,661,794,674,774,678,0.6750336
727,664,745,661,748,672,730,676,0.6264968
245,665,269,658,273,673,249,679,0.66008806
115,665,140,658,144,672,119,679,0.7000934
685,660,700,660,700,672,685,672,0.67547643
500,665,524,659,527,670,503,675,0.6625514
793,658,810,658,810,673,793,673,0.64761823
378,663,403,656,407,669,382,677,0.71734226
846,660,870,655,873,669,849,674,0.67613775
192,661,222,653,226,668,196,676,0.7087501
142,658,154,658,154,670,142,670,0.66134566
564,660,594,654,597,669,567,675,0.6638101
269,659,287,654,290,668,273,673,0.6919153
699,659,713,653,718,665,704,671,0.6853385
621,662,658,652,662,666,625,676,0.63982314
449,660,485,652,487,665,452,673,0.71813905
326,660,357,652,360,667,330,675,0.70583224
525,656,550,651,553,665,528,670,0.66614544
871,655,887,652,889,664,873,666,0.6917774
405,656,430,650,433,663,408,669,0.69577837
808,654,838,648,841,664,811,670,0.65153253
153,654,171,650,175,664,156,668,0.68051845
591,655,612,647,617,661,596,669,0.63325614
359,653,374,650,376,662,361,664,0.6900286
287,655,313,649,316,661,290,668,0.7749545
714,653,740,646,744,659,717,666,0.7130161
660,653,678,648,681,660,663,665,0.70680827
225,653,256,647,258,661,228,667,0.7171287
886,649,903,646,906,662,889,665,0.64134175
769,651,790,645,794,658,773,665,0.669655
486,653,505,646,508,658,489,664,0.6980482
841,648,853,648,853,660,841,660,0.60575974
550,651,572,644,575,658,553,664,0.7038045
375,647,392,645,394,659,377,662,0.6318733
172,650,197,643,200,658,176,664,0.68861914
679,647,702,643,704,655,681,659,0.64807177
613,650,646,642,649,655,616,663,0.67821664
903,647,933,641,936,655,906,661,0.6588614
572,646,591,642,594,654,575,658,0.6856634
507,645,529,640,532,654,511,659,0.6858965
447,647,466,642,469,654,450,658,0.6713891
315,646,344,641,346,654,317,659,0.6738662
852,646,880,640,883,654,854,659,0.6578565
256,645,280,639,283,654,260,660,0.708955
935,641,948,641,948,653,935,653,0.70520407
791,645,823,638,826,652,794,659,0.68320423
644,643,659,639,663,652,647,656,0.6092816
198,644,218,638,222,653,202,659,0.6501135
111,647,158,637,161,653,114,663,0.6835796
701,640,718,636,721,653,704,656,0.6911645
530,642,548,637,551,649,534,654,0.67874676
392,643,428,635,431,652,395,659,0.67599946
591,640,609,635,612,650,594,654,0.68544185
346,638,358,638,358,652,346,652,0.6743829
281,639,299,636,302,651,284,654,0.67889076
949,637,960,637,960,651,949,651,0.6000516
769,637,781,637,781,649,769,649,0.64551175
880,638,897,634,901,648,883,652,0.67617106
468,641,496,633,500,646,472,654,0.68530214
86,639,110,633,114,647,89,653,0.6935822
718,637,742,633,744,647,721,651,0.70997876
659,639,687,633,690,646,662,652,0.664645
609,635,619,635,619,648,609,648,0.5308901
824,636,844,631,848,645,828,651,0.6447568
220,638,249,632,252,646,223,651,0.7405762
550,636,565,632,568,645,553,649,0.6694449
358,636,380,631,384,645,362,651,0.68875647
620,631,637,631,637,646,620,646,0.6917391
159,637,194,628,198,645,163,653,0.66865546
497,635,512,629,516,642,502,647,0.62418795
301,634,331,628,333,642,303,648,0.72093725
899,633,929,628,932,642,902,648,0.64366895
685,632,706,627,709,640,688,645,0.6415379
382,631,401,628,403,642,384,645,0.6942444
846,632,874,626,877,639,849,645,0.63712233
780,635,809,626,813,640,784,648,0.6596519
565,633,584,625,589,638,570,646,0.7067143
514,630,529,626,532,639,517,642,0.64952993
444,631,465,626,469,640,447,645,0.72321635
636,628,654,625,656,639,638,642,0.652768
251,631,275,625,279,639,255,645,0.72984004
113,632,144,625,147,638,115,645,0.7090217
332,628,346,625,349,638,335,641,0.6643609
929,624,960,621,960,638,930,641,0.5616045
875,626,890,622,893,634,878,638,0.66387784
811,624,833,620,835,635,813,639,0.6610508
585,627,609,620,612,634,589,641,0.71591425
530,627,551,621,554,632,534,638,0.68427205
467,626,482,621,485,634,470,638,0.64196235
403,624,425,620,428,635,406,639,0.728632
707,625,740,619,742,633,709,639,0.6726954
652,625,676,619,679,633,655,638,0.64918923
194,628,240,616,243,632,198,644,0.66923416
146,625,168,619,171,633,149,638,0.6937949
348,624,374,617,378,630,352,637,0.666405
277,623,313,617,315,633,280,639,0.68890387
890,622,920,616,922,630,893,635,0.67339295
170,619,181,619,181,634,170,634,0.5903241
833,621,862,615,865,628,836,634,0.6813619
484,621,508,615,512,628,488,635,0.686025
82,619,104,615,107,630,85,634,0.7176497
783,617,801,614,803,630,785,632,0.70342237
676,617,696,614,699,629,678,632,0.62856364
611,617,639,613,641,630,613,634,0.7011891
550,620,569,614,573,628,554,634,0.7058893
377,617,393,613,396,626,380,630,0.68061733
242,618,259,613,263,627,245,632,0.68238235
107,616,131,611,134,625,109,630,0.6860197
569,616,589,610,593,625,573,630,0.66924834
443,614,468,611,470,625,444,628,0.69858795
313,617,336,609,341,623,318,631,0.6523708
919,616,943,610,947,623,922,629,0.6976596
695,614,714,610,717,624,698,628,0.68185234
862,613,884,609,887,623,865,627,0.6369435
511,613,541,608,543,622,513,627,0.62632066
259,612,288,606,292,623,263,629,0.70405775
181,616,215,607,219,622,185,631,0.7112169
800,615,829,606,833,619,804,628,0.68341064
642,612,668,607,670,621,644,626,0.7197598
395,612,420,606,424,619,399,626,0.684642
945,609,958,608,959,622,946,623,0.59927803
132,610,148,606,152,620,136,625,0.64765334
714,608,737,605,739,619,716,623,0.691487
590,610,614,605,617,620,593,625,0.692485
470,611,490,605,493,617,474,623,0.6767948
885,608,913,603,915,617,887,622,0.6654492
763,609,785,603,788,618,767,623,0.6730793
338,610,375,603,378,616,341,624,0.6176585
830,607,851,602,854,615,833,621,0.64374197
669,606,686,603,688,617,671,620,0.6442097
289,607,306,602,310,617,293,621,0.69637454
542,606,559,602,562,617,545,621,0.6756959
217,607,241,601,245,615,221,621,0.71819425
149,605,168,601,171,616,152,620,0.6838537
785,605,800,601,804,613,789,618,0.58119994
492,606,508,602,510,613,494,617,0.7215893
79,606,105,601,107,614,81,619,0.70186585
560,604,577,601,578,613,562,616,0.68416744
304,603,316,600,320,614,308,618,0.56921256
686,603,701,599,704,612,689,616,0.63180345
615,601,643,599,645,615,617,618,0.67026097
913,603,932,598,935,612,917,617,0.6397233
851,602,874,597,877,611,854,616,0.66873175
438,601,461,597,463,611,440,615,0.68137056
373,603,392,596,397,610,379,617,0.6793471
170,602,205,595,207,609,173,616,0.66736895
507,600,531,595,534,608,510,613,0.6571822
874,597,888,597,888,610,874,610,0.6340923
800,600,821,594,824,609,804,614,0.675023
701,599,718,595,722,609,704,613,0.71733344
578,600,592,595,596,608,581,612,0.6926772
931,597,946,594,949,608,934,611,0.6593625
318,600,343,594,347,608,321,614,0.7138656
106,601,139,594,141,606,109,613,0.7404713
395,597,420,593,422,606,397,610,0.7405692
267,597,288,593,291,606,269,610,0.68152624
645,597,680,591,682,605,647,610,0.7069828
461,596,483,591,486,604,464,610,0.7283915
947,593,958,590,960,605,951,609,0.5205703
884,595,907,590,910,603,888,609,0.67132217
822,593,848,590,850,605,824,609,0.6842198
721,591,737,591,737,606,721,606,0.71150017
593,596,617,589,620,602,597,609,0.7414579
345,595,370,587,374,601,349,609,0.72081697
762,593,794,587,797,601,765,607,0.64713347
533,594,567,588,569,600,535,607,0.710415
207,594,246,586,249,601,210,610,0.69928867
76,591,89,588,92,601,79,604,0.68709326
907,589,922,587,924,599,909,602,0.641526
484,591,513,586,515,600,487,605,0.6800031
290,591,315,584,319,598,294,605,0.72185373
139,593,175,582,180,600,144,610,0.67306817
848,588,877,583,879,597,850,602,0.6666049
680,590,713,583,715,596,683,603,0.68826395
619,588,647,583,650,597,621,602,0.71020865
91,587,116,583,118,597,93,600,0.6913954
567,587,593,582,596,595,570,601,0.64632165
372,586,395,582,397,596,375,600,0.7107349
921,586,947,580,950,594,925,600,0.70129806
513,585,536,578,540,593,516,599,0.6973881
177,584,196,579,199,594,181,598,0.71421367
646,582,663,579,666,593,649,596,0.68615574
456,582,483,578,485,592,457,596,0.68533343
248,585,277,577,281,590,252,598,0.7450374
949,579,960,579,960,593,949,593,0.56283134
796,587,834,577,837,590,799,600,0.7102429
712,581,732,577,735,591,715,595,0.70035446
395,581,417,577,420,590,398,594,0.7233466
197,582,214,578,217,589,200,594,0.6996929
117,583,140,577,144,589,121,595,0.72364914
875,581,912,575,914,591,878,597,0.65344715
593,579,617,575,619,590,595,593,0.6022374
663,580,688,574,691,587,666,594,0.65746754
759,580,788,573,791,586,762,593,0.7005006
537,579,561,573,565,587,541,594,0.6810742
279,578,298,572,303,586,284,592,0.6881161
836,577,863,571,866,586,839,592,0.6874463
484,578,504,572,507,583,488,589,0.70620686
141,577,166,570,169,584,144,590,0.7035136
912,574,927,572,930,584,914,587,0.6451354
791,573,802,573,802,585,791,585,0.65224487
216,576,240,571,243,584,219,589,0.69647074
618,574,641,570,643,584,620,588,0.65094376
301,573,311,572,313,584,303,585,0.63002175
72,575,104,569,107,582,75,588,0.7393362
563,574,587,568,590,581,566,586,0.6447571
689,574,715,567,719,581,693,588,0.7637705
506,573,537,567,539,580,508,585,0.7241988
434,573,463,567,465,581,437,586,0.7616532
926,571,948,566,951,580,929,586,0.6419008
799,570,821,565,824,578,803,584,0.7305843
641,568,666,565,668,579,643,583,0.73388654
241,570,264,565,267,579,243,584,0.697236
167,570,191,565,194,579,170,584,0.7046393
865,571,887,564,891,577,868,584,0.7119057
311,569,333,563,336,578,315,583,0.6853632
949,566,960,566,960,578,949,578,0.63756114
718,566,732,566,732,578,718,578,0.7327005
107,569,139,563,141,577,109,583,0.68020797
888,567,904,563,906,574,891,578,0.7037484
589,566,615,562,617,576,591,580,0.6694067
192,565,210,562,212,575,194,578,0.6735553
756,569,778,560,782,573,761,581,0.72362244
463,566,485,561,489,575,467,580,0.73936284
821,565,843,560,846,574,824,579,0.6854258
664,564,681,560,685,574,667,579,0.6600136
537,567,557,561,560,571,541,578,0.69280463
266,566,297,560,299,572,269,578,0.7410229
335,565,367,558,370,572,337,578,0.6957707
140,563,157,559,160,571,142,575,0.71594787
487,560,502,557,505,571,490,574,0.63419175
430,561,446,557,449,568,433,572,0.6267315
209,562,236,556,239,569,212,575,0.7380665
904,561,932,555,935,569,907,575,0.7039393
779,561,801,555,804,570,783,575,0.6629089
616,560,635,554,639,569,620,574,0.685175
682,560,712,554,715,568,684,574,0.67162466
558,560,575,556,578,568,562,572,0.7159933
69,561,96,554,100,568,72,575,0.74825543
844,558,874,554,876,568,847,573,0.7158116
634,557,657,552,660,565,638,571,0.66203463
238,557,257,553,259,565,240,568,0.67974424
369,555,388,551,392,566,372,570,0.7017991
298,559,334,550,337,563,302,572,0.6734044
158,558,188,549,192,564,162,573,0.73749906
932,556,952,549,957,563,936,570,0.65585303
503,557,529,550,533,563,506,571,0.7302889
872,554,888,548,893,563,877,569,0.66998726
802,555,830,549,833,563,805,569,0.6900518
711,552,731,549,733,564,714,567,0.7154948
575,556,600,548,604,562,579,570,0.66481817
100,553,117,548,121,562,103,567,0.66824144
754,552,767,548,771,562,759,566,0.626042
449,555,483,547,486,561,452,569,0.69072413
390,552,411,548,414,563,393,567,0.7437788
889,548,907,548,907,562,889,562,0.6820335
656,551,673,546,677,562,659,566,0.6280023
257,552,283,546,286,558,260,564,0.6603635
768,548,788,544,791,558,771,562,0.65565324
601,548,621,544,624,559,604,563,0.7625495
830,548,855,543,858,556,833,562,0.68883455
673,548,697,543,700,556,676,561,0.73378223
904,547,926,542,929,557,908,562,0.6729143
336,549,374,542,376,555,339,562,0.6709725
192,550,231,542,234,555,195,562,0.76889354
121,548,156,542,158,557,123,562,0.70324516
283,546,311,540,313,553,286,559,0.6236247
788,545,802,540,806,553,791,557,0.65822273
621,544,642,540,645,555,624,559,0.69363785
485,545,522,538,525,551,488,559,0.6411839
856,543,883,538,885,550,858,555,0.7237329
698,541,726,536,729,552,701,557,0.7236607
924,542,946,536,950,550,928,556,0.69962597
642,540,662,537,664,551,644,554,0.66566336
158,542,171,537,176,550,162,555,0.7135053
802,539,819,536,822,551,805,554,0.69737184
232,540,251,536,254,550,235,554,0.6791122
65,543,107,535,109,548,68,556,0.69333863
949,537,960,537,960,549,949,549,0.61776894
374,540,410,534,412,548,376,553,0.75439364
312,537,336,533,338,548,314,552,0.6992501
753,538,774,531,779,544,758,551,0.7382913
523,537,547,532,550,546,526,551,0.72972435
252,536,269,532,272,547,255,551,0.71882445
174,537,192,532,196,547,177,552,0.73035496
883,537,905,531,909,546,887,551,0.66406345
661,536,691,531,694,543,663,549,0.6757416
427,543,493,529,496,544,430,558,0.6188385
107,535,129,530,132,545,110,550,0.7578318
820,536,850,531,853,544,822,550,0.74657094
194,533,212,529,215,544,198,548,0.7071043
336,534,374,528,376,541,338,546,0.64575374
271,534,294,528,297,541,274,547,0.7395089
775,532,804,527,806,541,777,545,0.70237553
132,530,153,526,156,540,134,545,0.7238604
906,532,928,526,932,540,910,546,0.6658577
548,531,573,525,576,539,552,546,0.69616956
850,529,879,523,882,537,853,543,0.6814552
692,529,726,524,728,536,694,542,0.71983576
297,529,315,524,318,536,300,541,0.697539
62,528,93,522,95,539,65,544,0.73050195
425,529,462,523,464,535,428,542,0.7015533
214,528,247,522,250,538,217,544,0.7363296
152,527,165,522,169,536,156,540,0.6543811
928,525,950,520,954,535,932,540,0.6818807
573,525,589,521,594,536,578,541,0.6832139
495,529,531,522,534,534,497,542,0.7203748
803,526,831,520,834,533,806,539,0.6727175
376,525,407,519,409,533,379,539,0.68530583
318,522,330,522,330,535,318,535,0.6554228
877,523,898,519,900,532,880,537,0.6480321
590,521,611,517,614,532,593,536,0.66919494
535,520,546,520,546,533,535,533,0.682253
93,523,118,517,121,530,96,537,0.6654473
752,522,782,516,785,530,754,536,0.7034393
464,519,481,516,483,531,467,534,0.60140634
330,519,352,516,355,529,332,533,0.7100655
249,521,272,515,276,529,252,536,0.71174103
896,520,918,515,921,527,899,532,0.7113293
612,518,635,515,638,528,615,532,0.72323346
169,521,206,515,208,528,171,535,0.7576886
547,519,565,514,568,525,550,530,0.6662473
831,519,863,513,866,526,834,532,0.69959056
423,517,439,514,441,526,425,528,0.625495
782,517,798,513,801,525,785,530,0.6642861
274,516,292,512,296,526,278,530,0.6685284
483,516,508,511,511,524,486,529,0.7274054
354,515,374,511,377,524,356,529,0.7169452
918,513,946,508,948,522,920,527,0.7173765
636,515,662,507,666,521,640,529,0.7465706
566,515,595,508,598,521,570,529,0.7094943
207,514,245,506,248,522,211,530,0.715687
119,516,159,508,162,522,122,529,0.6779992
799,509,817,509,817,524,799,524,0.6881299
863,511,885,506,888,520,866,525,0.704226
375,511,403,506,405,518,377,523,0.72477275
293,512,321,506,324,519,296,525,0.7076858
59,511,96,505,99,521,62,527,0.72579694
949,507,960,507,960,521,949,521,0.61188734
510,511,539,505,542,518,513,524,0.68954563
439,512,474,504,477,518,443,526,0.63534456
160,509,175,506,177,519,162,521,0.6888681
749,508,775,502,778,514,752,521,0.7462585
663,505,681,502,684,517,665,520,0.65916556
817,508,846,501,849,514,820,521,0.7603489
596,506,627,500,629,513,599,519,0.7235808
97,504,119,501,121,516,99,518,0.7118
885,506,916,500,919,514,887,520,0.6904643
326,506,351,499,354,513,329,519,0.71657616
246,506,272,500,275,514,249,520,0.6987782
175,504,188,501,191,516,178,519,0.58462375
541,503,568,499,570,512,544,517,0.68443835
420,503,436,499,439,509,423,513,0.62625533
777,503,799,497,803,511,781,517,0.70620555
682,503,709,498,711,512,684,517,0.70569766
476,503,501,497,505,510,480,516,0.7370756
188,501,219,494,223,511,192,518,0.68358237
845,500,866,495,869,511,849,515,0.6545721
627,500,647,496,650,509,629,513,0.6332127
273,501,298,496,301,509,276,514,0.72395337
916,499,938,494,941,508,920,513,0.6848355
353,499,371,495,374,509,356,512,0.7055588
712,497,724,497,724,509,712,509,0.7210084
569,497,586,494,588,509,572,511,0.6756432
119,500,150,494,153,508,122,513,0.7350843
939,495,959,492,960,506,941,509,0.65240705
800,496,825,491,828,506,803,511,0.6545892
503,497,527,492,530,506,505,511,0.6953969
300,496,316,492,319,505,303,509,0.66224325
647,495,672,490,675,504,649,509,0.70938736
439,497,473,490,476,503,441,510,0.7032576
866,496,891,490,895,504,870,510,0.6935911
374,494,401,490,404,504,376,509,0.7093958
222,494,251,489,253,503,225,508,0.72635376
587,494,617,488,619,501,590,507,0.66918653
527,494,544,489,547,500,531,506,0.6145655
55,496,95,488,97,501,58,509,0.7027002
895,490,906,490,906,502,895,502,0.7308319
672,492,690,488,693,500,674,504,0.6613515
150,492,180,485,184,501,154,508,0.6802246
826,491,854,485,857,499,829,505,0.7047204
763,490,784,484,788,498,767,504,0.72663623
251,490,279,484,281,497,254,503,0.6959089
620,487,634,487,634,499,620,499,0.6588273
544,489,568,484,571,498,547,503,0.63561004
184,487,199,487,199,499,184,499,0.68415385
97,487,112,484,115,501,100,504,0.6588974
476,487,502,482,505,496,479,501,0.6697328
906,488,934,482,937,495,909,501,0.7095205
692,485,721,482,722,495,694,499,0.724773
785,485,810,480,813,494,788,499,0.6951814
198,485,213,482,215,494,201,497,0.7008888
632,485,655,479,658,492,635,498,0.69380754
419,485,451,480,453,493,420,497,0.7359046
114,483,132,479,136,494,117,498,0.7279785
279,483,312,477,314,491,281,496,0.6876146
937,479,959,479,959,493,937,493,0.63464123
504,482,531,477,533,491,506,496,0.65836984
855,484,890,476,893,490,858,497,0.6525687
568,484,605,476,607,489,571,497,0.67054147
811,480,830,475,833,489,814,493,0.70057386
745,480,767,475,770,489,748,493,0.7334064
213,481,245,475,247,489,216,495,0.7207769
135,481,163,475,166,490,138,496,0.7230281
50,480,71,475,74,490,53,494,0.6793321
656,480,687,474,689,486,659,492,0.69566995
454,479,482,473,485,487,458,493,0.695251
891,475,915,471,918,486,894,489,0.64480054
605,475,623,472,625,486,607,489,0.68155414
534,477,550,473,553,484,537,489,0.7151212
166,474,177,474,177,488,166,488,0.6857617
73,476,86,473,89,486,77,489,0.60886264
766,477,781,471,785,483,770,489,0.69671917
245,475,274,469,277,485,249,491,0.7298387
832,474,863,469,865,483,834,487,0.6894977
690,471,718,468,720,482,692,486,0.7190966
623,471,646,467,648,481,626,485,0.66010094
552,472,579,467,581,481,554,486,0.67397666
88,472,118,466,121,483,91,488,0.7153947
915,472,938,466,941,480,918,485,0.6927835
783,471,814,466,816,478,785,484,0.7130775
485,472,517,465,520,478,487,485,0.5781491
177,471,215,464,218,481,181,488,0.7232044
863,469,877,465,881,477,867,481,0.6250824
646,467,672,463,674,476,648,479,0.6916137
276,468,308,463,310,477,278,481,0.71655333
745,466,762,463,764,474,747,477,0.74773514
580,466,603,462,605,476,582,479,0.69299495
118,464,146,460,148,477,121,481,0.68947923
938,465,959,461,960,476,941,480,0.62965804
216,463,234,460,237,476,219,479,0.69200796
815,464,838,459,841,473,817,478,0.6940176
514,465,548,459,550,473,516,479,0.6828845
47,464,68,458,71,473,50,478,0.70107603
879,464,906,458,909,472,882,478,0.7260012
674,461,693,458,695,471,675,474,0.7143856
763,461,778,457,781,470,766,473,0.6351559
604,461,627,457,629,471,606,475,0.6767776
427,468,462,456,466,469,431,481,0.6186289
236,460,255,456,258,470,239,474,0.70860344
148,460,180,455,182,469,150,474,0.67901397
841,457,856,457,856,470,841,470,0.70976144
71,460,104,455,106,469,73,473,0.7260971
907,458,937,454,939,467,909,471,0.69277287
693,456,715,453,717,468,695,470,0.6670064
549,457,566,454,568,469,551,471,0.6826864
629,459,651,454,653,464,631,469,0.7232689
779,456,807,451,809,465,781,470,0.69829464
256,455,281,450,284,465,259,470,0.73386425
855,454,870,451,873,465,858,468,0.69849473
183,456,214,451,216,464,185,470,0.702649
566,455,595,449,598,462,568,468,0.7188046
496,454,519,448,523,462,500,468,0.70912516
107,454,131,449,133,461,109,466,0.7004801
871,449,889,449,889,464,871,464,0.67752016
941,449,958,449,958,465,941,465,0.64768034
282,451,307,446,310,460,285,465,0.74147946
807,452,829,445,832,458,810,464,0.66127664
742,451,770,446,772,460,745,464,0.68736833
652,452,681,445,684,457,655,465,0.6679052
885,447,905,444,907,459,887,462,0.62402254
594,450,614,443,619,458,600,465,0.6640121
519,448,549,442,551,456,522,462,0.729146
216,446,239,442,242,457,218,461,0.7342804
829,447,851,441,854,455,833,460,0.6451181
43,447,82,441,85,457,46,463,0.7451184
133,447,174,440,177,456,136,463,0.7285457
769,446,800,440,802,452,772,458,0.68814623
686,443,715,440,716,454,687,456,0.7290166
615,444,639,440,641,453,617,457,0.69012815
904,443,935,438,937,452,907,457,0.67148316
549,442,572,438,574,453,551,456,0.69265777
241,443,269,438,271,452,243,456,0.7448707
852,441,884,435,887,448,854,454,0.67894506
493,438,512,436,514,450,496,453,0.77085346
175,439,191,435,194,451,178,454,0.66748935
86,437,105,437,105,454,86,454,0.74615175
638,440,660,433,664,447,642,454,0.6924001
571,440,596,434,599,448,574,454,0.6625632
192,436,213,432,216,446,195,450,0.693198
801,438,830,432,833,445,804,450,0.67858046
269,438,302,431,305,444,272,451,0.7167232
883,435,896,432,899,444,886,447,0.66713357
740,436,757,432,760,445,744,449,0.6911801
512,435,529,431,533,445,516,450,0.72789717
106,435,124,431,127,446,109,450,0.66021
661,437,681,431,685,443,664,449,0.66928923
896,431,909,428,912,441,899,444,0.6447079
531,430,550,428,552,442,533,445,0.72220665
126,431,150,427,153,442,128,446,0.71007323
832,429,852,427,854,441,833,444,0.64216644
759,431,786,427,788,440,761,445,0.7260216
41,430,69,426,71,440,43,445,0.73728085
684,430,712,425,715,438,686,443,0.7013347
594,433,635,424,639,440,597,449,0.69283986
215,429,243,425,245,442,217,446,0.7353382
551,428,565,425,568,437,554,441,0.7161262
909,427,932,423,934,437,912,441,0.6882555
151,427,173,423,175,437,154,441,0.7147343
852,425,874,422,876,436,854,439,0.6839924
634,425,657,421,659,435,637,439,0.7044366
492,424,516,420,519,435,494,438,0.68665177
243,428,262,421,268,436,248,443,0.6838939
787,424,810,420,812,435,790,439,0.66658413
175,424,200,420,202,434,177,438,0.72627604
73,426,105,420,108,434,76,439,0.7391196
569,424,602,420,604,433,570,438,0.70635176
931,424,952,418,955,431,934,437,0.6828652
873,421,891,418,894,432,875,435,0.70110023
658,423,677,418,680,429,660,434,0.6883052
809,421,831,417,834,430,812,434,0.67406976
607,418,616,420,614,430,605,429,0.5387809
515,421,533,414,538,429,519,435,0.6557265
266,421,301,414,304,431,269,438,0.7321918
739,421,766,415,768,427,741,433,0.6971785
200,419,222,414,225,427,203,433,0.70423245
890,416,909,413,911,428,892,430,0.62492883
833,414,850,414,850,429,833,429,0.64624536
109,416,150,411,152,427,111,432,0.7174395
765,415,788,409,791,423,768,428,0.73579025
678,415,710,411,712,424,680,429,0.6854128
908,414,934,410,936,423,911,428,0.69195396
534,415,563,409,565,423,537,429,0.69569874
223,412,247,409,249,426,225,429,0.7461643
36,414,77,409,79,424,38,430,0.76548517
615,414,650,409,652,422,617,428,0.7230287
154,410,166,410,166,424,154,424,0.67787826
848,413,877,406,881,419,851,426,0.6489344
789,408,806,408,806,423,789,423,0.65440696
562,410,579,406,582,421,565,425,0.7044667
488,412,511,406,515,420,493,426,0.7123582
248,409,269,406,271,421,250,423,0.74560726
933,409,958,404,960,417,935,422,0.66577804
79,406,99,404,101,419,81,421,0.7056494
650,408,676,402,679,415,653,421,0.71539885
580,407,608,401,611,416,583,422,0.7064418
167,407,203,402,206,418,169,423,0.7257924
878,406,900,402,903,415,881,419,0.72496307
804,406,821,401,825,416,807,421,0.6838497
269,406,298,401,300,414,271,419,0.7041874
736,407,767,400,770,412,739,419,0.6837606
514,404,537,399,540,413,517,418,0.72798514
104,402,116,402,116,417,104,417,0.72477627
899,401,920,398,922,411,901,414,0.7062794
824,402,854,398,855,412,825,415,0.72674817
206,400,222,397,225,412,209,416,0.688093
117,399,132,399,132,415,117,415,0.65048945
678,402,707,396,710,409,681,415,0.70995766
609,401,633,395,636,408,612,415,0.7134248
769,399,793,394,795,407,771,412,0.69601494
539,400,561,394,565,409,542,414,0.65816885
224,398,252,395,254,407,225,411,0.7396159
131,398,148,393,152,408,135,413,0.73406786
919,398,945,393,947,406,921,411,0.717105
33,398,63,393,66,406,36,412,0.7610195
852,396,874,391,877,405,856,410,0.69537854
563,395,577,393,578,407,565,408,0.68651295
792,395,814,390,818,403,796,409,0.65515924
634,396,668,388,671,401,637,409,0.65903807
949,391,960,391,960,403,949,403,0.54713625
737,391,751,391,751,403,737,403,0.70384026
151,392,185,387,188,404,153,409,0.7200669
873,391,900,387,902,402,875,405,0.67990446
579,391,604,387,606,403,581,407,0.6766093
505,390,528,387,530,400,507,404,0.79130507
65,391,101,386,103,402,68,407,0.66594195
256,391,294,384,297,397,258,405,0.6583879
815,390,837,384,840,398,819,403,0.6697693
669,388,692,384,694,397,671,401,0.7210878
898,388,926,383,928,396,901,401,0.73116815
530,387,546,383,549,395,533,399,0.65785974
751,385,781,381,783,397,753,401,0.7583685
605,388,623,381,628,395,610,402,0.6660439
186,385,211,381,214,399,190,404,0.7222399
102,386,123,382,125,396,104,400,0.7246705
837,384,859,379,862,393,840,399,0.72516215
692,385,706,381,709,394,695,397,0.6993898
213,382,230,379,232,394,215,397,0.72988844
626,383,649,377,652,391,629,396,0.70068085
547,381,573,378,575,392,549,396,0.6554284
484,380,496,379,498,391,486,393,0.6516484
122,382,147,377,150,391,125,396,0.7176838
30,383,73,377,75,392,32,399,0.7034935
926,380,957,376,959,390,928,395,0.68000925
781,382,809,377,811,391,783,396,0.7018414
859,379,881,376,883,391,861,394,0.6924178
496,378,518,372,522,385,500,392,0.6518999
230,378,260,372,264,388,233,394,0.72039473
150,377,166,374,168,388,153,391,0.71321744
650,378,681,372,683,385,653,391,0.6949563
575,379,606,372,609,385,578,393,0.74224997
879,373,902,368,905,386,882,391,0.6720192
518,374,541,370,543,383,520,387,0.7050582
167,374,190,370,192,384,169,388,0.72379375
808,376,841,369,844,384,811,391,0.6349711
264,373,291,370,293,384,266,387,0.72892374
902,371,925,368,927,382,904,385,0.6837385
73,374,94,367,99,383,78,390,0.7188598
751,372,779,367,781,380,753,385,0.66246015
683,371,705,366,708,380,686,385,0.7064622
608,370,628,366,631,380,611,384,0.7013311
539,371,559,365,563,379,544,385,0.6792379
192,370,231,364,233,379,194,385,0.7615493
98,368,122,364,124,379,100,383,0.70371807
841,368,863,364,866,379,844,383,0.7209646
630,365,647,363,649,378,631,381,0.6952574
779,366,801,362,804,376,781,380,0.73057353
925,366,947,361,950,376,928,381,0.63806295
558,365,575,362,578,376,561,379,0.7383395
483,365,515,361,517,373,485,378,0.7256582
124,366,154,360,157,373,126,379,0.7228824
949,362,960,362,960,375,949,375,0.5906199
862,364,890,359,892,372,865,377,0.7323145
802,363,831,356,834,369,805,376,0.73146594
649,362,677,357,679,371,651,375,0.70879704
49,361,82,357,83,371,50,374,0.7080209
731,360,752,355,755,369,734,375,0.72046727
575,362,603,356,606,370,578,375,0.6662464
231,363,270,356,273,370,233,376,0.7343947
156,357,188,354,189,371,158,374,0.68549275
512,361,530,355,534,368,517,374,0.6784608
272,357,288,355,290,366,274,369,0.6880391
890,359,926,352,929,365,893,373,0.71528834
678,358,702,352,706,366,682,372,0.674688
604,356,623,352,626,367,607,371,0.6880001
187,355,206,352,208,365,189,368,0.73926646
831,355,850,351,853,366,835,370,0.68051386
753,357,780,351,783,363,756,369,0.7332613
528,355,550,351,553,365,531,369,0.72418135
82,355,101,351,104,366,86,370,0.6948695
103,353,124,350,126,364,104,366,0.6907414
623,353,639,350,641,363,625,365,0.668489
551,352,564,352,564,364,551,364,0.77975094
926,350,955,347,957,361,928,365,0.6315133
851,351,865,348,868,362,854,365,0.615479
780,354,795,348,799,359,784,365,0.6608316
206,351,232,345,236,360,209,366,0.7117915
478,351,503,344,507,358,482,366,0.69646835
639,351,661,344,665,358,643,364,0.705925
562,349,586,345,589,359,565,363,0.70952827
864,350,883,343,888,358,870,365,0.6765708
23,348,52,344,54,358,25,362,0.73878664
796,348,821,342,824,355,799,361,0.69274914
233,346,254,342,257,356,236,360,0.71081907
125,349,164,342,167,355,128,362,0.6881108
883,344,901,341,903,356,886,359,0.7124926
728,348,749,341,754,355,733,362,0.68251175
661,344,679,341,681,355,663,358,0.6822074
587,347,602,342,606,353,591,359,0.64023095
504,345,529,340,532,354,507,359,0.7012967
53,343,83,339,85,354,55,358,0.7611571
255,339,285,337,286,354,256,356,0.7124054
899,341,926,337,928,354,902,358,0.7144019
752,341,767,338,770,350,755,354,0.6732145
678,342,699,337,702,353,682,357,0.67654556
166,342,191,337,194,352,169,357,0.7198838
602,342,624,336,627,350,605,355,0.6864602
529,340,554,337,556,350,531,354,0.6908905
83,340,94,337,97,351,86,353,0.6717786
821,342,849,336,852,350,824,356,0.6792903
772,336,791,336,791,350,772,350,0.7010978
924,336,943,332,946,346,927,351,0.648817
625,337,647,333,649,346,627,351,0.6913297
192,336,212,333,214,348,194,350,0.72655195
95,337,124,332,126,346,98,350,0.70670295
552,336,574,331,577,344,555,350,0.70142686
793,333,806,333,806,345,793,345,0.69797933
475,335,497,330,500,344,478,349,0.70831203
214,333,235,331,237,346,216,348,0.74119675
19,336,45,330,48,344,23,350,0.6994577
647,333,670,330,672,342,649,346,0.7837348
125,333,138,329,141,342,127,345,0.64521253
941,329,960,329,960,345,941,345,0.5868809
236,330,247,330,247,343,236,343,0.6867013
574,332,599,327,602,340,577,345,0.7336198
805,332,823,325,828,338,810,345,0.6702809
727,331,749,326,752,339,730,344,0.6981491
499,330,522,325,525,339,502,344,0.70295846
137,331,154,325,159,340,142,345,0.6600316
246,330,261,325,266,337,251,343,0.70787
671,326,698,324,699,338,672,340,0.701384
156,326,173,323,176,338,159,342,0.7213513
48,327,76,322,79,337,50,342,0.7432957
524,326,552,323,554,337,526,341,0.69603145
825,325,852,322,854,336,827,340,0.7084205
600,324,629,320,632,337,602,341,0.7019343
266,323,283,323,283,338,266,338,0.7061224
752,326,780,320,783,332,754,338,0.67737687
173,324,205,319,207,333,175,338,0.7051705
79,322,98,318,101,332,82,336,0.7009539
629,322,644,318,648,330,632,335,0.6459188
474,320,485,320,485,333,474,333,0.7583594
783,321,804,316,807,329,786,335,0.6528352
554,320,580,314,583,328,557,334,0.61258906
854,320,881,315,883,330,856,334,0.73722243
103,319,133,314,135,328,105,333,0.6759609
207,316,231,314,233,331,209,334,0.7159933
485,318,505,313,508,328,488,332,0.7062294
17,315,32,315,32,331,17,331,0.7200827
645,318,670,313,673,326,648,331,0.7064533
507,315,524,312,525,324,509,326,0.6757578
229,314,247,310,251,325,233,329,0.6359536
883,315,908,310,910,323,886,328,0.6884729
725,315,751,310,753,322,727,327,0.7269118
577,316,611,309,613,322,580,329,0.66169065
135,314,153,310,156,324,139,328,0.7127917
31,313,56,308,59,322,34,327,0.75632924
669,313,691,308,694,321,672,327,0.6904023
805,312,845,306,847,322,807,328,0.6674033
247,311,273,307,275,321,249,325,0.72160554
524,310,551,305,553,319,526,324,0.71320444
613,310,630,306,632,318,616,322,0.72817385
755,310,791,305,793,316,756,322,0.7387637
155,309,183,305,185,319,158,324,0.7009698
908,307,932,304,934,318,910,322,0.74147695
844,306,864,302,867,317,848,321,0.6273811
471,305,485,305,485,318,471,318,0.70851386
186,305,218,300,220,314,188,318,0.6862029
931,303,954,300,956,316,933,318,0.67725784
630,308,652,299,657,313,635,321,0.67596614
551,305,577,300,580,314,553,319,0.7074404
58,309,107,299,110,315,61,325,0.66989696
484,304,510,298,513,312,488,319,0.68309665
655,301,667,298,670,311,658,314,0.69496834
581,300,595,300,595,312,581,312,0.70605695
223,300,236,300,236,312,223,312,0.65419364
792,303,825,296,828,309,795,316,0.6877082
111,300,136,297,138,310,113,314,0.7645251
721,301,751,296,754,308,723,314,0.72795784
865,302,914,292,917,307,868,317,0.61876106
669,297,691,293,694,307,671,311,0.6701149
511,297,530,294,532,308,513,311,0.70419466
239,298,274,293,276,307,240,311,0.7181898
595,297,630,292,632,305,597,310,0.69069064
827,294,849,291,851,306,829,308,0.6243398
754,294,774,291,776,305,756,307,0.6923745
140,296,179,289,181,303,142,309,0.67234534
913,294,938,288,941,302,916,307,0.6933028
529,296,553,289,557,303,533,310,0.7133761
633,291,643,291,643,303,633,303,0.7078712
38,295,85,288,87,303,40,310,0.7521417
466,291,493,288,495,301,468,305,0.71111625
849,290,880,285,882,299,851,303,0.6550084
777,290,810,285,811,299,779,303,0.67796767
555,288,576,285,577,300,556,302,0.69333637
182,288,213,283,215,299,184,304,0.7520905
936,287,954,284,957,299,939,303,0.6405745
643,287,665,283,667,298,646,302,0.7067316
495,287,510,287,510,298,495,298,0.65669614
882,286,897,286,897,296,882,296,0.7314914
715,287,730,284,732,296,717,299,0.6990635
87,288,121,283,123,296,89,301,0.70653343
577,285,588,285,588,297,577,297,0.7302608
7,283,36,278,41,309,12,313,0.73212534
809,284,827,281,829,295,812,298,0.68605745
668,284,686,282,688,293,669,296,0.73277533
585,283,605,281,607,295,587,298,0.6509361
732,283,753,280,755,293,734,296,0.76781714
214,284,235,280,238,294,217,298,0.73397213
510,282,534,279,535,293,511,296,0.7022871
605,283,632,278,634,291,608,296,0.6201106
125,282,148,278,150,291,127,295,0.7263946
896,282,926,277,928,291,898,295,0.698196
827,281,857,277,859,291,829,294,0.6932126
754,280,774,276,777,289,757,294,0.71649116
240,280,269,276,270,290,241,293,0.7145783
532,278,549,274,552,289,535,293,0.663326
150,277,175,272,178,287,153,292,0.6935443
462,276,474,275,476,288,465,290,0.6777247
925,275,949,273,951,286,927,289,0.6934583
32,276,64,272,67,289,34,294,0.7154732
858,276,887,272,888,284,860,288,0.7476336
775,276,795,271,799,285,778,290,0.65449345
549,275,566,271,570,285,552,289,0.67840207
475,275,489,272,491,284,478,287,0.6866096
633,274,659,270,661,284,635,288,0.7032305
949,272,960,272,960,285,949,285,0.5624177
179,274,202,269,205,282,183,287,0.74018824
566,273,593,269,594,282,568,285,0.68875974
73,272,105,268,107,283,74,287,0.7007114
797,272,825,267,827,281,799,285,0.6439668
491,272,524,267,526,281,493,286,0.7128436
659,271,683,266,686,280,662,285,0.695202
885,270,906,264,910,279,889,284,0.66449124
728,268,752,266,753,278,729,281,0.6924833
594,267,612,267,612,281,594,281,0.7131486
826,267,842,267,842,279,826,279,0.6683726
206,270,239,265,241,278,208,284,0.72814935
908,265,934,260,937,274,910,278,0.70652336
114,266,151,260,153,274,116,279,0.7326525
753,265,784,260,786,273,755,278,0.7032585
611,264,634,259,637,272,614,278,0.6962758
526,265,554,260,556,274,528,278,0.6867158
242,265,268,260,271,274,244,278,0.7213401
938,262,947,262,947,271,938,271,0.69246167
839,263,878,257,880,273,842,278,0.6377958
459,261,481,257,483,271,461,275,0.7022485
634,261,649,257,652,270,638,274,0.6901702
949,259,958,259,958,269,949,269,0.69847375
879,258,894,258,894,270,879,270,0.6460068
786,259,810,256,811,269,787,272,0.686066
555,259,577,256,579,269,557,273,0.69199
482,258,497,255,499,267,484,270,0.6535018
650,258,677,254,679,266,651,270,0.69910735
580,256,593,256,593,268,580,268,0.76155156
159,258,198,253,200,270,161,275,0.74503165
814,255,827,255,827,267,814,267,0.69400996
891,255,919,250,921,264,892,268,0.66306067
725,254,750,250,752,265,727,268,0.673307
828,253,849,248,852,262,830,266,0.6844593
593,253,615,249,617,262,595,266,0.7596388
497,253,519,249,521,264,500,268,0.72808427
851,250,864,250,864,261,851,261,0.75352126
752,251,778,247,780,259,754,263,0.6718003
206,251,233,247,234,261,208,265,0.7710207
616,251,637,247,639,258,618,261,0.715112
522,251,557,246,559,258,523,263,0.6684639
917,251,953,244,956,257,919,264,0.6776288
863,248,880,245,882,256,865,258,0.6623883
780,247,800,244,802,255,782,258,0.67658496
240,247,265,243,267,257,242,260,0.761752
456,246,484,242,486,256,457,260,0.72555315
641,243,661,243,661,257,641,257,0.7146121
881,244,896,241,898,253,883,256,0.668763
801,243,816,241,819,252,804,255,0.6703213
560,244,593,239,595,251,562,257,0.71551704
896,242,916,239,917,250,898,253,0.67008036
661,239,677,239,677,255,661,255,0.6742767
487,241,508,238,510,252,488,255,0.7285901
818,241,841,237,842,248,820,251,0.70031357
512,239,526,239,526,250,512,250,0.72058755
916,238,929,238,929,250,916,250,0.6170305
595,237,615,234,616,248,597,251,0.7223354
929,236,949,233,951,246,930,249,0.699868
843,236,863,233,865,246,845,249,0.7173985
527,234,555,232,556,245,528,248,0.71684
617,233,631,233,631,246,617,246,0.6720814
632,231,652,231,652,244,632,244,0.7449656
864,233,892,228,895,242,866,246,0.7028848
454,231,476,228,478,242,455,244,0.8147513
557,231,585,227,586,240,559,243,0.7180684
652,229,672,227,674,240,653,243,0.7146975
0,227,100,213,107,263,6,278,0.8806983
478,228,499,225,501,237,479,240,0.72618186
894,227,916,223,918,236,896,240,0.6901553
585,226,608,221,611,234,588,239,0.65832263
501,224,528,220,530,234,502,237,0.7454326
915,223,943,218,945,231,917,236,0.69442785
531,220,545,220,545,231,531,231,0.7062202
609,219,645,215,647,231,611,236,0.71799636
697,216,759,206,765,243,703,254,0.86695784
545,217,574,212,576,225,547,229,0.72027254
648,214,670,210,672,224,651,229,0.68459886
576,214,595,211,596,222,577,225,0.69892853
473,212,492,212,492,226,473,226,0.7235889
494,210,518,208,519,221,495,224,0.7077077
594,209,616,205,619,218,596,222,0.67997074
763,206,800,199,807,236,771,244,0.86069715
617,207,644,203,645,214,619,217,0.665257
523,208,557,203,558,213,524,218,0.72872275
107,201,187,189,194,242,115,254,0.8993766
644,203,671,199,673,211,645,215,0.71458876
560,201,586,196,588,209,562,213,0.7089469
592,198,608,198,608,209,592,209,0.68819314
290,196,352,187,358,226,295,236,0.8843537
197,193,278,183,284,230,203,240,0.894756
608,194,630,191,632,204,610,207,0.7599912
633,190,655,187,657,201,635,203,0.74109405
657,188,673,186,675,197,659,200,0.6328932
5,182,51,178,53,194,6,198,0.6926971
362,179,435,167,442,214,369,225,0.8894611
698,178,769,168,773,197,702,208,0.8873246
54,177,93,172,95,188,56,193,0.76345176
96,171,122,168,124,181,98,185,0.6963037
448,169,545,157,549,193,452,204,0.8403292
0,166,19,166,19,182,0,182,0.6984994
124,167,144,164,146,178,126,181,0.7118154
774,167,835,157,840,188,779,198,0.8329559
148,164,182,160,184,173,149,178,0.6939677
19,163,44,160,46,174,21,178,0.75332946
556,160,616,152,622,190,562,199,0.83975625
187,160,211,157,212,172,188,175,0.7419779
45,159,70,156,72,174,47,177,0.6863644
838,157,892,150,896,182,842,189,0.8276568
71,156,91,156,91,171,71,171,0.73264635
214,155,251,152,252,165,215,169,0.7668558
898,148,947,148,947,181,898,181,0.89841086
94,154,126,150,128,164,96,168,0.70601743
625,151,673,143,679,181,632,189,0.77006036
270,151,301,146,303,159,272,163,0.6702764
126,149,152,145,155,162,129,166,0.74567777
0,151,6,147,12,162,1,166,0.57710963
10,146,31,142,34,157,13,161,0.73768926
306,145,330,142,331,155,307,158,0.7846783
154,145,181,142,182,158,156,161,0.7210908
334,140,361,140,361,157,334,157,0.7700352
181,142,221,137,223,153,183,158,0.77076733
33,141,61,138,63,155,35,158,0.74005836
62,139,82,137,83,152,64,154,0.7023329
224,140,248,135,251,150,227,155,0.7066936
363,137,386,132,389,147,366,152,0.7272172
703,128,743,128,743,169,703,169,0.83641505
82,135,128,129,131,149,84,155,0.7063199
269,132,293,132,293,148,269,148,0.7578446
390,133,414,129,416,144,393,148,0.7563662
417,132,431,129,434,142,420,145,0.6858781
129,130,155,127,158,144,131,148,0.723507
435,128,453,128,453,142,435,142,0.721297
0,130,24,127,26,141,0,144,0.72968143
296,129,316,126,318,140,298,143,0.7654867
156,128,184,124,187,143,159,147,0.75334173
748,119,786,119,786,163,748,163,0.86350644
455,127,487,123,488,138,456,141,0.79566115
322,126,343,123,345,138,323,141,0.72581095
29,125,54,122,56,137,30,140,0.7532275
