104,112,158,112,158,137,104,137,0.86157835
73,113,98,113,98,138,73,138,0.8994864
17,109,67,111,66,138,16,136,0.881656
348,77,420,75,421,103,349,106,0.8761042
223,76,286,76,286,105,223,105,0.9035087
428,76,475,76,475,107,428,107,0.8258049
110,76,159,76,159,106,110,106,0.8894956
293,76,341,76,341,103,293,103,0.86804295
168,76,214,76,214,101,168,101,0.8731363
73,78,105,75,107,101,75,104,0.8529705
480,76,513,76,513,102,480,102,0.89218724
18,71,71,77,67,108,14,102,0.88183826
168,44,226,45,226,62,167,61,0.8115444
85,43,120,45,119,63,84,61,0.83402073
147,45,163,45,163,60,147,60,0.8166377
124,45,143,45,143,60,124,60,0.8083541
244,44,261,44,261,61,244,61,0.7679812
278,17,325,19,324,41,277,39,0.84186184
213,19,271,19,271,36,213,36,0.9151273
126,18,163,20,162,38,125,37,0.8460291
85,17,122,19,121,38,84,36,0.8499747
168,18,207,18,207,35,168,35,0.83519423
