226,723,252,723,252,744,226,744,0.5027481
343,721,370,721,370,741,343,741,0.86073256
156,720,196,720,196,741,156,741,0.8317466
118,714,148,714,148,739,118,739,0.86365265
401,668,444,668,444,686,401,686,0.8545927
222,667,253,667,253,690,222,690,0.88814616
348,663,393,663,393,690,348,690,0.8691492
296,661,341,663,339,691,295,689,0.86641526
175,663,216,663,216,689,175,689,0.9156288
120,663,168,663,168,689,120,689,0.8725887
539,660,614,660,614,687,539,687,0.8050529
501,662,533,662,533,687,501,687,0.8731945
259,662,289,662,289,686,259,686,0.8886336
449,661,477,661,477,688,449,688,0.8474263
217,633,250,635,248,660,215,657,0.79592013
283,635,298,635,298,659,283,659,0.73225796
170,631,212,631,212,658,170,658,0.8529205
254,632,275,632,275,659,254,659,0.8700005
120,631,163,631,163,653,120,653,0.8962174
304,632,318,632,318,655,304,655,0.7468081
119,603,151,603,151,626,119,626,0.83879983
175,573,218,573,218,592,175,592,0.8256753
544,567,619,570,618,597,543,594,0.86219645
485,568,537,568,537,597,485,597,0.8886612
301,567,388,573,386,597,299,591,0.8341221
119,567,169,567,169,596,119,596,0.8851524
751,567,790,567,790,594,751,594,0.85572267
396,567,444,567,444,593,396,593,0.87393504
680,565,733,565,733,591,680,591,0.8226693
628,566,676,566,676,593,628,593,0.86481446
449,567,479,567,479,593,449,593,0.8345774
224,567,256,567,256,592,224,592,0.8786414
262,566,292,566,292,592,262,592,0.8483681
347,542,389,542,389,560,347,560,0.87314105
247,542,290,542,290,560,247,560,0.8435952
515,538,557,538,557,560,515,560,0.8691986
297,537,338,537,338,565,297,565,0.86598843
170,537,212,537,212,564,170,564,0.89478636
122,538,163,538,163,561,122,561,0.8986605
613,539,680,533,682,560,616,566,0.7461215
565,536,610,536,610,561,565,561,0.8909319
473,537,506,537,506,561,473,561,0.88658106
396,537,426,537,426,561,396,561,0.8677142
431,535,467,535,467,565,431,565,0.8723854
218,537,241,537,241,561,218,561,0.82598925
257,503,304,503,304,525,257,525,0.90056723
311,502,365,502,365,522,311,522,0.88479775
411,501,466,501,466,522,411,522,0.882387
371,500,406,500,406,527,371,527,0.8462713
473,498,520,500,518,527,471,525,0.8709813
235,502,251,502,251,522,235,522,0.77619797
29,185,49,185,49,202,29,202,0.50801355
43,183,79,180,80,199,44,201,0.65053684
0,151,82,143,85,175,2,183,0.78765696
1,115,43,115,43,149,1,149,0.6869939
0,81,34,81,34,120,0,120,0.61924887
