13,911,43,914,41,947,11,945,0.60308576
488,914,526,914,526,941,488,941,0.6715773
413,850,446,850,446,874,413,874,0.8166921
302,851,347,851,347,869,302,869,0.8741306
259,851,294,851,294,870,259,870,0.8429899
129,850,168,850,168,871,129,871,0.82619905
384,850,409,850,409,870,384,870,0.8056978
229,850,254,850,254,870,229,870,0.8103239
173,850,198,850,198,871,173,871,0.7843626
91,848,126,848,126,871,91,871,0.82024354
354,848,378,848,378,870,354,870,0.8368232
202,848,225,848,225,870,202,870,0.89693433
91,778,157,778,157,799,91,799,0.8116559
201,779,222,779,222,799,201,799,0.8163317
164,778,198,778,198,802,164,802,0.8252968
265,780,276,780,276,798,265,798,0.8524536
226,778,259,778,259,797,226,797,0.8347884
271,712,317,712,317,730,271,730,0.8238112
323,712,351,712,351,726,323,726,0.85118806
385,707,413,707,413,726,385,726,0.8082253
238,706,267,706,267,731,238,731,0.7954243
358,706,380,706,380,730,358,730,0.84956634
418,704,441,704,441,726,418,726,0.82803154
348,635,409,637,408,659,347,656,0.7849603
288,636,343,639,342,660,287,657,0.8050349
414,638,430,638,430,659,414,659,0.7736987
258,637,285,637,285,655,258,655,0.8274559
221,637,254,637,254,655,221,655,0.8105827
194,637,219,637,219,656,194,656,0.7857311
168,637,191,637,191,656,168,656,0.77273816
133,636,164,636,164,655,133,655,0.7856267
106,636,128,636,128,659,106,659,0.8195339
314,617,355,617,355,634,314,634,0.86799645
410,611,441,615,439,632,408,628,0.71552014
254,613,286,613,286,632,254,632,0.7472015
147,612,201,612,201,634,147,634,0.7541412
358,612,383,612,383,631,358,631,0.75852764
287,612,311,612,311,634,287,634,0.70905155
207,612,250,612,250,630,207,630,0.7724218
99,612,143,612,143,629,99,629,0.86266506
385,611,409,611,409,630,385,630,0.8228091
422,539,445,542,443,563,419,560,0.7254715
235,541,276,541,276,558,235,558,0.8198028
189,541,230,541,230,558,189,558,0.8254664
99,541,134,541,134,558,99,558,0.8526298
446,540,483,540,483,558,446,558,0.7727122
398,541,421,541,421,558,398,558,0.8169485
347,541,367,541,367,557,347,557,0.86039793
311,540,344,540,344,558,311,558,0.7576796
281,540,308,540,308,558,281,558,0.82251376
163,541,186,541,186,558,163,558,0.80592066
137,541,161,541,161,558,137,558,0.8042134
371,539,395,539,395,558,371,558,0.7913079
378,468,424,468,424,485,378,485,0.8608699
241,467,308,467,308,488,241,488,0.8645206
138,468,191,465,192,487,139,490,0.795349
199,467,234,467,234,485,199,485,0.8751978
314,466,342,466,342,486,314,486,0.78161657
348,464,375,464,375,487,348,487,0.7711463
397,436,446,440,445,462,396,459,0.80910903
211,439,258,439,258,457,211,457,0.90064687
156,438,204,438,204,461,156,461,0.81527895
369,438,393,438,393,458,369,458,0.7866112
339,438,365,438,365,457,339,457,0.85855454
300,438,335,438,335,457,300,457,0.79539466
265,438,295,438,295,460,265,460,0.8232684
101,438,148,438,148,456,101,456,0.87947816
451,437,466,437,466,458,451,458,0.7222318
325,371,358,371,358,388,325,388,0.8215839
291,368,321,368,321,388,291,388,0.8272346
259,368,286,368,286,388,259,388,0.8409997
191,368,235,368,235,386,191,386,0.8084206
238,369,254,367,256,386,240,388,0.68538415
171,368,186,368,186,386,171,386,0.8146111
133,366,167,366,167,390,133,390,0.81903857
342,342,399,342,399,364,342,364,0.8382363
268,343,302,343,302,360,268,360,0.8884984
236,343,264,343,264,361,236,361,0.8726981
117,343,164,343,164,360,117,360,0.89690346
305,342,338,342,338,361,305,361,0.7648717
77,342,111,342,111,360,77,360,0.81521416
403,343,435,339,437,360,404,363,0.7806305
207,341,232,341,232,361,207,361,0.77134705
168,342,202,339,204,360,170,363,0.7961111
47,341,73,341,73,361,47,361,0.82768375
238,287,302,287,302,304,238,304,0.76675737
303,221,341,221,341,239,303,239,0.7669359
197,220,234,220,234,238,197,238,0.79085565
391,218,439,218,439,236,391,236,0.91382676
158,216,191,216,191,241,158,241,0.8744636
346,215,384,215,384,238,346,238,0.8516489
268,215,299,215,299,241,268,241,0.89334255
238,215,265,215,265,241,238,241,0.87037414
373,148,420,148,420,169,373,169,0.90139395
424,146,450,146,450,167,424,167,0.7803318
331,146,368,146,368,167,331,167,0.82951033
247,146,281,146,281,166,247,166,0.8336525
284,146,308,143,310,164,286,167,0.7474345
314,142,329,145,325,166,310,164,0.6922502
283,82,341,82,341,90,283,90,0.5409108
213,79,272,79,272,91,213,91,0.6309705
93,78,203,78,203,94,93,94,0.59876084
493,48,518,48,518,58,493,58,0.5209552
31,43,112,43,112,65,31,65,0.75742483
239,37,317,37,317,64,239,64,0.65194386
464,2,497,2,497,20,464,20,0.774399
238,2,282,2,282,20,238,20,0.73599106
29,1,94,1,94,22,29,22,0.7385272
2,5,23,2,25,18,4,21,0.6145391
424,0,459,0,459,23,424,23,0.6893041
281,1,307,1,307,19,281,19,0.7459563
