660,160,701,162,700,177,659,175,0.7467493
572,133,652,136,650,183,570,180,0.90159005
480,132,559,132,559,177,480,177,0.8903186
269,131,350,131,350,181,269,181,0.90794253
359,134,401,131,405,181,363,183,0.89171207
149,131,257,131,257,174,149,174,0.93051094
411,132,468,130,470,175,413,177,0.8976952
167,84,246,84,246,114,167,114,0.90427613
595,76,682,76,682,121,595,121,0.95122486
471,75,583,75,583,121,471,121,0.9280341
295,75,349,75,349,116,295,116,0.9094522
362,72,456,72,456,114,362,114,0.9419188
255,72,285,72,285,116,255,116,0.8651395
479,13,561,13,561,63,479,63,0.89173794
572,10,674,14,672,58,570,54,0.8680672
381,13,466,13,466,53,381,53,0.91745245
683,8,754,11,752,58,681,55,0.8738403
290,11,369,11,369,55,290,55,0.9140911
194,11,281,11,281,55,194,55,0.89277136
93,8,184,8,184,57,93,57,0.8877031
