427,170,459,170,459,181,427,181,0.59361154
23,143,129,143,129,187,23,187,0.8545096
289,142,354,142,354,190,289,190,0.896292
364,139,416,139,416,183,364,183,0.8830419
225,137,282,137,282,189,225,189,0.8732846
177,140,217,140,217,183,177,183,0.7874733
140,142,171,142,171,190,140,190,0.8211199
408,80,535,80,535,129,408,129,0.82061476
24,83,224,83,224,118,24,118,0.850938
239,79,317,79,317,130,239,130,0.91013014
551,79,640,79,640,121,551,121,0.9449697
328,80,393,80,393,121,328,121,0.892058
21,20,127,25,124,68,19,62,0.81505233
327,20,408,20,408,70,327,70,0.8552652
682,20,740,20,740,70,682,70,0.9051415
517,19,601,14,604,65,520,70,0.8706933
234,19,313,19,313,63,234,63,0.9005986
142,20,219,20,219,60,142,60,0.9055819
613,19,674,19,674,61,613,61,0.8801683
418,15,511,15,511,70,418,70,0.88071686
