177,856,217,856,217,879,177,879,0.8923172
432,854,493,854,493,879,432,879,0.874968
137,853,179,857,178,879,136,876,0.78384525
379,853,429,853,429,878,379,878,0.84059066
300,854,346,854,346,875,300,875,0.87536967
254,854,297,854,297,875,254,875,0.87811124
72,851,133,854,132,879,71,876,0.8098975
349,853,377,853,377,878,349,878,0.77949
28,852,69,852,69,878,28,878,0.81114
222,852,252,852,252,876,222,876,0.83462024
252,827,294,827,294,847,252,847,0.7712643
834,826,868,826,868,849,834,849,0.7892696
650,825,708,822,709,848,651,851,0.81328076
403,824,464,824,464,848,403,848,0.8605059
341,825,400,825,400,849,341,849,0.8418183
801,825,830,825,830,847,801,847,0.84597856
745,824,796,824,796,849,745,849,0.83099836
587,825,619,825,619,847,587,847,0.80964655
531,825,583,825,583,846,531,846,0.84229535
468,825,497,825,497,847,468,847,0.83159536
296,825,336,825,336,846,296,846,0.86463124
207,824,251,824,251,849,207,849,0.8225437
141,824,182,824,182,850,141,850,0.8450375
30,821,83,824,81,850,29,847,0.84269696
716,825,739,825,739,846,716,846,0.8746392
620,824,647,824,647,847,620,847,0.7677894
498,824,526,824,526,847,498,847,0.79323554
184,824,205,824,205,847,184,847,0.79658014
86,820,140,820,140,849,86,849,0.8138579
435,799,477,799,477,819,435,819,0.78227574
29,794,91,798,89,823,28,818,0.7938877
270,795,320,795,320,821,270,821,0.8762997
480,795,524,795,524,817,480,817,0.88401365
388,794,433,794,433,821,388,821,0.84852916
322,794,363,794,363,821,322,821,0.809404
201,793,267,796,266,822,200,819,0.826941
97,794,141,794,141,824,97,824,0.82249457
366,795,386,795,386,818,366,818,0.83983284
171,794,198,794,198,821,171,821,0.850781
141,793,170,793,170,818,141,818,0.81050795
651,768,691,768,691,791,651,791,0.86713195
30,767,109,767,109,792,30,792,0.7944397
773,767,826,767,826,788,773,788,0.84319663
605,766,649,766,649,792,605,792,0.82733595
502,767,556,767,556,788,502,788,0.8462162
243,767,305,767,305,788,243,788,0.926333
199,766,238,766,238,792,199,792,0.82716215
135,767,166,767,166,790,135,790,0.77948165
829,765,868,765,868,791,829,791,0.85568786
730,766,770,766,770,788,730,788,0.85712117
694,766,728,766,728,789,694,789,0.85418737
559,766,602,766,602,788,559,788,0.88469374
457,765,500,765,500,792,457,792,0.8312361
415,766,453,766,453,789,415,789,0.83332086
353,764,397,764,397,790,353,790,0.82624304
309,765,351,765,351,788,309,788,0.8743448
398,763,415,765,411,792,394,789,0.6735376
165,764,195,764,195,789,165,789,0.8283195
114,765,133,765,133,789,114,789,0.81323737
566,740,602,740,602,763,566,763,0.8367833
152,739,219,739,219,763,152,763,0.7252694
82,738,147,741,146,761,81,758,0.82264715
716,737,770,737,770,762,716,762,0.8344496
518,737,562,737,562,763,518,763,0.8458641
775,737,814,737,814,758,775,758,0.846877
651,737,686,737,686,760,651,760,0.8244674
467,734,515,737,513,763,465,760,0.82054484
342,736,385,736,385,762,342,762,0.846407
29,737,74,737,74,757,29,757,0.9315249
820,733,869,736,867,762,819,759,0.82382673
688,738,710,734,714,756,691,760,0.7633176
608,736,647,736,647,758,608,758,0.86295384
433,736,462,736,462,760,433,760,0.8682417
389,736,429,736,429,758,389,758,0.8616186
294,734,339,734,339,759,294,759,0.8264796
250,734,289,734,289,759,250,759,0.8892627
225,735,245,735,245,758,225,758,0.8373255
343,709,402,709,402,732,343,732,0.8942244
174,710,254,710,254,730,174,730,0.9088307
521,705,600,708,599,733,521,730,0.77664435
802,705,869,708,868,733,801,730,0.7833823
735,708,796,705,797,731,737,734,0.80053973
295,708,339,708,339,729,295,729,0.8472617
29,708,73,708,73,728,29,728,0.87806255
668,704,730,704,730,728,668,728,0.8285022
605,705,665,705,665,729,605,729,0.86996436
489,706,515,706,515,734,489,734,0.7877456
460,706,487,706,487,732,460,732,0.83574724
408,704,456,707,455,729,407,726,0.815029
109,706,144,706,144,729,109,729,0.81023324
261,705,291,705,291,729,261,729,0.8211135
147,706,168,706,168,729,147,729,0.84237576
76,705,106,705,106,729,76,729,0.75339895
177,669,254,669,254,694,177,694,0.80359024
395,661,481,661,481,693,395,693,0.84055793
753,664,793,664,793,690,753,690,0.85551816
695,661,752,667,748,696,692,690,0.84592974
549,663,602,663,602,694,549,694,0.8884999
260,662,327,662,327,694,260,694,0.8841971
637,662,692,662,692,691,637,691,0.85776985
116,663,169,663,169,688,116,688,0.8707916
71,663,112,663,112,688,71,688,0.9142402
489,660,544,660,544,690,489,690,0.89298344
362,663,389,663,389,690,362,690,0.84392846
794,660,830,660,830,690,794,690,0.88616747
606,662,633,662,633,690,606,690,0.8470311
332,662,359,662,359,690,332,690,0.8453358
