1060,1149,1170,1149,1170,1170,1060,1170,0.821921
902,1143,1054,1143,1054,1173,902,1173,0.69168943
52,1128,81,1128,81,1155,52,1155,0.64669126
98,1125,226,1125,226,1150,98,1150,0.75442994
603,968,742,968,742,1010,603,1010,0.874739
410,966,509,966,509,1011,410,1011,0.88498646
179,964,278,964,278,1008,179,1008,0.8929227
858,963,906,963,906,1011,858,1011,0.8676547
291,958,395,958,395,1008,291,1008,0.9137264
756,955,848,959,846,1012,754,1007,0.8700839
918,956,999,956,999,1010,918,1010,0.92295396
519,945,591,945,591,1011,519,1011,0.89785564
872,201,1074,201,1074,242,872,242,0.88278484
486,198,538,198,538,246,486,246,0.8587298
692,188,855,188,855,252,692,252,0.88012326
279,190,471,190,471,238,279,238,0.8911996
99,189,260,189,260,243,99,243,0.8937343
548,186,677,186,677,246,548,246,0.87457794
