135,708,181,711,179,732,133,729,0.7319832
303,684,403,691,399,745,300,738,0.86811686
365,104,447,104,447,153,365,153,0.8790317
277,104,357,104,357,153,277,153,0.9251532
637,105,757,105,757,142,637,142,0.94109267
461,105,571,105,571,142,461,142,0.933788
186,102,267,102,267,152,186,152,0.90990597
581,104,624,104,624,146,581,146,0.8838685
186,44,329,44,329,90,186,90,0.90598786
48,44,173,52,171,91,46,82,0.84798026
731,44,895,44,895,85,731,85,0.83003855
488,43,565,43,565,88,488,88,0.8622782
343,39,479,44,478,93,341,88,0.8864485
575,41,658,41,658,86,575,86,0.8977827
668,41,722,41,722,88,668,88,0.89528155
