128,798,278,794,279,828,129,832,0.816367
241,749,318,749,318,790,241,790,0.8867576
172,745,228,745,228,790,172,790,0.8595544
86,746,154,742,157,787,88,790,0.86121666
143,716,242,716,242,745,143,745,0.888358
258,707,342,707,342,746,258,746,0.9222086
63,705,127,700,131,745,67,751,0.818328
98,585,170,581,172,622,100,626,0.8231737
184,582,252,582,252,628,184,628,0.8312608
261,582,333,576,337,623,264,629,0.78175324
204,549,302,554,300,590,202,585,0.78253084
318,545,392,545,392,587,318,587,0.80796266
108,545,185,545,185,586,108,586,0.88481563
38,540,95,540,95,584,38,584,0.8415343
203,514,282,514,282,540,203,540,0.925453
64,504,182,504,182,544,64,544,0.84959507
298,501,373,496,376,545,301,550,0.8450607
664,483,730,460,759,541,693,565,0.729469
257,406,431,406,431,431,257,431,0.86354494
179,401,235,401,235,433,179,433,0.8929634
50,401,161,398,162,429,51,432,0.80727714
265,361,379,361,379,390,265,390,0.8718041
168,360,247,360,247,396,168,396,0.87702024
96,350,153,346,156,390,99,394,0.85576105
348,247,527,247,527,272,348,272,0.8520017
208,242,326,242,326,276,208,276,0.81128997
435,200,541,203,541,234,434,231,0.8452621
296,193,420,193,420,235,296,235,0.8706894
193,191,280,188,281,235,194,238,0.88644874
390,91,440,91,440,126,390,126,0.8954203
169,90,252,87,254,123,170,126,0.8276216
607,86,713,86,713,126,607,126,0.8772886
730,84,828,84,828,127,730,127,0.7998331
457,85,587,85,587,124,457,124,0.89467186
269,82,374,82,374,126,269,126,0.83691067
43,34,217,34,217,54,43,54,0.8492455
