199,800,308,800,308,835,199,835,0.91929466
480,797,555,797,555,844,480,844,0.9017612
564,797,654,797,654,837,564,837,0.92443264
406,797,472,797,472,839,406,839,0.9045515
321,797,398,797,398,837,321,837,0.926164
130,757,224,757,224,791,130,791,0.9175807
448,747,545,747,545,794,448,794,0.9308562
319,745,438,747,437,794,318,792,0.8794016
727,747,822,747,822,787,727,787,0.8478757
26,746,118,746,118,784,26,784,0.87062985
660,747,718,747,718,787,660,787,0.93596756
234,746,310,746,310,787,234,787,0.9015159
554,740,654,740,654,788,554,788,0.8909842
413,633,455,637,453,660,410,656,0.7763469
358,628,409,631,408,654,356,652,0.7659448
293,626,355,632,353,655,291,649,0.7454976
245,622,293,626,292,646,243,642,0.7571091
525,612,568,615,566,638,523,635,0.7553277
489,612,524,615,523,635,487,632,0.7539138
459,608,488,611,486,632,456,629,0.7713374
437,606,458,610,454,631,434,628,0.7050237
398,601,436,604,434,631,396,628,0.79197335
345,598,396,602,394,626,343,621,0.7530557
316,601,344,601,344,622,316,622,0.76171225
288,599,316,602,313,625,286,621,0.70905924
255,596,288,596,288,618,255,618,0.77586615
559,588,587,588,587,610,559,610,0.76439625
515,587,558,587,558,611,515,611,0.77592593
475,582,513,582,513,607,475,607,0.83107364
429,579,474,582,473,602,428,599,0.7484201
399,578,428,578,428,600,399,600,0.75903916
362,576,399,579,397,598,361,595,0.77558804
327,571,358,574,355,596,324,593,0.7682512
292,569,323,572,321,594,290,591,0.76707923
266,571,290,571,290,589,266,589,0.790676
586,558,619,563,615,586,583,581,0.7609217
559,560,586,560,586,582,559,582,0.70418656
521,558,557,558,557,578,521,578,0.81114763
432,555,468,558,467,574,431,571,0.7463638
471,553,516,557,514,582,469,578,0.79005456
388,550,429,550,429,575,388,575,0.80046326
355,549,387,552,385,569,353,566,0.7269982
276,541,353,550,351,573,274,564,0.7392357
514,520,548,523,546,539,513,536,0.6367467
467,517,514,521,512,536,466,532,0.66993415
160,481,177,481,177,494,160,494,0.77456564
223,479,274,479,274,494,223,494,0.7726842
178,479,212,479,212,495,178,495,0.70414126
122,479,157,479,157,494,122,494,0.7683657
100,480,121,480,121,493,100,493,0.81595486
69,475,96,475,96,492,69,492,0.7018634
1,465,69,465,69,493,1,493,0.8466752
99,464,138,464,138,479,99,479,0.72336936
141,463,203,463,203,478,141,478,0.78891695
283,457,306,457,306,487,283,487,0.6812534
725,447,762,452,760,471,722,466,0.7201004
704,451,718,451,718,465,704,465,0.772114
681,450,699,450,699,464,681,464,0.71580076
365,434,391,434,391,450,365,450,0.7100382
312,430,358,433,357,448,311,445,0.8133032
285,431,310,431,310,447,285,447,0.7495829
131,380,154,380,154,392,131,392,0.75459296
515,368,658,368,658,409,515,409,0.8677699
26,368,118,368,118,411,26,411,0.9211667
765,367,826,367,826,404,765,404,0.89122945
672,366,755,366,755,405,672,405,0.80698127
169,367,252,367,252,402,169,402,0.9162165
262,363,314,363,314,404,262,404,0.8957648
324,360,429,360,429,403,324,403,0.9036963
440,358,504,358,504,406,440,406,0.9141475
688,321,731,321,731,353,688,353,0.90396994
206,315,275,315,275,361,206,361,0.8965151
489,313,583,313,583,362,489,362,0.8848432
320,313,414,308,416,356,322,361,0.8771793
122,313,197,313,197,353,122,353,0.9046784
22,313,113,313,113,352,22,352,0.91106594
421,311,481,311,481,354,421,354,0.9194531
280,313,316,313,316,355,280,355,0.91820383
741,304,831,307,829,361,738,357,0.90824646
594,308,679,308,679,353,594,353,0.93479234
744,89,833,89,833,107,744,107,0.7778531
765,48,813,51,811,85,763,82,0.81112117
233,47,249,47,249,56,233,56,0.68412364
209,46,234,46,234,58,209,58,0.6860543
168,44,200,44,200,59,168,59,0.7035582
154,45,171,45,171,58,154,58,0.60631853
123,46,154,43,155,55,124,58,0.69792926
109,45,128,45,128,58,109,58,0.69127923
88,42,105,42,105,56,88,56,0.6690807
596,42,610,42,610,51,596,51,0.62546027
572,41,594,41,594,52,572,52,0.591854
468,40,561,40,561,53,468,53,0.60821545
26,34,85,34,85,58,26,58,0.82451755
109,34,140,34,140,46,109,46,0.73409665
142,33,192,33,192,45,142,45,0.75075895
501,30,555,30,555,41,501,41,0.6540849
470,30,504,30,504,41,470,41,0.71771413
