399,925,599,925,599,978,399,978,0.8493983
558,788,682,785,683,826,559,829,0.85727423
445,788,542,788,542,829,445,829,0.8952286
345,782,432,786,430,839,343,836,0.8973682
696,786,771,786,771,830,696,830,0.87324643
228,784,331,781,333,837,230,841,0.85804635
670,718,783,722,781,773,668,770,0.8840575
312,721,388,721,388,772,312,772,0.92516994
487,717,573,721,571,776,484,772,0.86028516
399,719,476,719,476,774,399,774,0.89473915
118,720,226,720,226,766,118,766,0.86134326
584,720,655,720,655,765,584,765,0.9138753
239,719,300,719,300,766,239,766,0.8784795
795,716,879,716,879,765,795,765,0.90872693
455,656,532,659,530,708,453,704,0.8594284
252,655,377,658,375,708,251,705,0.8689252
151,652,241,652,241,706,151,706,0.8841202
752,652,845,655,844,702,751,698,0.8824812
642,651,744,651,744,709,642,709,0.8808411
542,655,629,655,629,698,542,698,0.9070063
389,649,446,649,446,699,389,699,0.87891257
