471,582,552,585,551,626,469,622,0.92345685
409,581,463,587,458,629,404,623,0.89132315
140,579,196,583,192,629,137,625,0.88824755
20,582,75,580,76,626,22,628,0.91990024
561,582,637,582,637,620,561,620,0.9149267
252,583,291,583,291,621,252,621,0.9081129
199,583,246,581,247,621,200,622,0.8789799
84,582,131,582,131,621,84,621,0.9188166
298,582,328,582,328,621,298,621,0.878296
336,577,399,577,399,620,336,620,0.95467895
385,531,458,528,459,571,386,573,0.9187959
224,529,287,529,287,573,224,573,0.92354894
465,527,525,527,525,566,465,566,0.8908513
141,530,180,530,180,568,141,568,0.8943368
296,526,376,526,376,566,296,566,0.94175243
186,529,217,529,217,568,186,568,0.8880195
534,521,608,526,605,576,530,571,0.89809483
44,520,136,525,133,575,41,570,0.9013434
180,494,196,494,196,503,180,503,0.63371587
450,476,514,474,515,518,452,520,0.8750598
523,475,577,477,575,514,521,511,0.8877441
389,476,445,476,445,513,389,513,0.9173229
311,471,383,471,383,521,311,521,0.92746735
81,472,122,475,119,520,78,518,0.8959253
203,470,262,470,262,514,203,514,0.9212999
125,470,172,470,172,516,125,516,0.93888485
266,470,307,470,307,515,266,515,0.8978906
332,442,346,442,346,449,332,449,0.6990866
223,426,271,429,269,467,221,465,0.84861237
402,420,480,423,479,461,401,458,0.89449733
353,420,397,420,397,467,353,467,0.8628527
276,417,323,417,323,462,276,462,0.94070715
178,417,218,417,218,462,178,462,0.91873384
330,388,346,388,346,397,330,397,0.6801471
403,370,478,370,478,406,403,406,0.9490659
353,368,394,368,394,413,353,413,0.85546887
181,362,272,366,270,414,178,409,0.9079789
275,363,323,363,323,408,275,408,0.8941921
314,334,329,334,329,343,314,343,0.7848224
384,316,462,316,462,353,384,353,0.87865585
196,316,252,316,252,354,196,354,0.9080146
337,314,377,314,377,360,337,360,0.88931394
257,310,304,310,304,355,257,355,0.92911613
568,48,643,48,643,56,568,56,0.57720774
550,23,645,23,645,50,550,50,0.7204242
