398,924,598,924,598,976,398,976,0.84025484
551,531,672,531,672,578,551,578,0.86125296
449,531,536,531,536,572,449,572,0.9023678
688,530,780,530,780,571,688,571,0.8660459
295,530,374,530,374,572,295,572,0.8823423
382,530,439,530,439,572,382,572,0.9020305
229,530,285,530,285,572,229,572,0.88476074
672,471,756,471,756,520,672,520,0.8905534
411,471,504,471,504,519,411,519,0.8952417
299,470,399,470,399,521,299,521,0.84782773
518,471,610,471,610,512,518,512,0.88894016
768,470,835,470,835,514,768,514,0.8967675
231,470,292,470,292,519,231,519,0.87978977
619,470,665,470,665,515,619,515,0.8681039
165,470,221,470,221,512,165,512,0.8972116
286,420,364,420,364,451,286,451,0.86362106
608,409,720,409,720,459,608,459,0.8720552
210,410,279,410,279,460,210,460,0.85843414
452,410,534,410,534,451,452,451,0.9122268
730,410,785,410,785,452,730,452,0.9182554
544,409,600,409,600,458,544,458,0.9300332
375,408,442,408,442,451,375,451,0.92271304
