816,1577,915,1577,915,1623,816,1623,0.89932215
343,1573,457,1573,457,1625,343,1625,0.8279157
706,1570,804,1576,801,1632,703,1626,0.8447803
609,1575,696,1575,696,1623,609,1623,0.8755632
471,1575,530,1575,530,1629,471,1629,0.87779504
929,1571,1021,1571,1021,1633,929,1633,0.900566
540,1573,599,1573,599,1625,540,1625,0.8021386
216,1571,331,1566,333,1620,219,1626,0.8376026
432,1519,572,1519,572,1564,432,1564,0.89075243
1171,1514,1256,1514,1256,1571,1171,1571,0.861104
893,1514,990,1514,990,1569,893,1569,0.874171
586,1516,663,1516,663,1567,586,1567,0.8921986
355,1516,418,1516,418,1567,355,1567,0.8668122
219,1514,319,1514,319,1569,219,1569,0.85210705
1331,1514,1404,1514,1404,1562,1331,1562,0.85871124
1092,1514,1161,1514,1161,1569,1092,1569,0.8694072
1413,1513,1475,1509,1478,1557,1417,1561,0.8012869
818,1512,883,1512,883,1564,818,1564,0.8127729
674,1508,808,1508,808,1571,674,1571,0.8258326
1587,1510,1652,1510,1652,1562,1587,1562,0.81839895
1490,1505,1578,1511,1574,1570,1486,1563,0.82673466
1000,1510,1079,1510,1079,1560,1000,1560,0.8950244
1258,1511,1321,1505,1327,1559,1263,1566,0.80720645
1041,1466,1114,1466,1114,1506,1041,1506,0.85728115
1386,1456,1516,1456,1516,1508,1386,1508,0.8517083
1128,1458,1221,1458,1221,1506,1128,1506,0.8892567
761,1456,877,1456,877,1508,761,1508,0.91198844
300,1458,388,1458,388,1508,300,1508,0.8833668
1528,1456,1613,1456,1613,1506,1528,1506,0.86473924
659,1454,747,1454,747,1512,659,1512,0.85751545
475,1456,562,1456,562,1502,475,1502,0.9238334
402,1458,465,1458,465,1502,402,1502,0.8614907
1623,1454,1710,1454,1710,1502,1623,1502,0.84098184
885,1454,958,1454,958,1504,885,1504,0.8440175
217,1454,290,1454,290,1504,217,1504,0.84406435
1329,1454,1374,1454,1374,1502,1329,1502,0.8176059
1255,1454,1320,1448,1324,1501,1259,1506,0.78716797
968,1448,1035,1448,1035,1502,968,1502,0.8330732
574,1445,651,1445,651,1504,574,1504,0.8472468
1142,1404,1230,1404,1230,1441,1142,1441,0.8645699
1057,1402,1132,1402,1132,1450,1057,1450,0.8586788
605,1404,692,1404,692,1441,605,1441,0.8658548
1238,1393,1382,1393,1382,1445,1238,1445,0.83222944
1497,1390,1618,1396,1615,1450,1495,1445,0.8542303
704,1395,783,1395,783,1443,704,1443,0.86661947
308,1395,414,1395,414,1441,308,1441,0.84579647
1627,1393,1706,1393,1706,1441,1627,1441,0.88776606
1396,1391,1483,1391,1483,1441,1396,1441,0.85703653
903,1391,976,1391,976,1441,903,1441,0.8528226
820,1391,893,1391,893,1443,820,1443,0.8444254
458,1386,593,1392,591,1446,456,1441,0.8251639
420,1395,452,1395,452,1439,420,1439,0.7178286
217,1385,300,1385,300,1441,217,1441,0.8527052
984,1385,1049,1385,1049,1441,984,1441,0.85379636
791,1335,911,1335,911,1387,791,1387,0.84341055
1256,1333,1343,1333,1343,1381,1256,1381,0.9015019
1094,1331,1179,1331,1179,1389,1094,1389,0.8659015
1010,1331,1088,1331,1088,1391,1010,1391,0.8432814
718,1331,781,1331,781,1381,718,1381,0.9343689
221,1331,317,1331,317,1379,221,1379,0.85197514
1355,1328,1426,1328,1426,1381,1355,1381,0.85693455
328,1329,514,1321,516,1380,330,1388,0.8462765
1534,1324,1609,1324,1609,1383,1534,1383,0.84796286
1439,1324,1526,1324,1526,1381,1439,1381,0.93706787
528,1322,625,1322,625,1391,528,1391,0.86118567
1612,1325,1673,1321,1677,1378,1616,1382,0.80849785
1187,1324,1248,1324,1248,1381,1187,1381,0.8410229
920,1323,1001,1317,1005,1378,924,1384,0.83820295
633,1322,706,1322,706,1383,633,1383,0.8974498
611,1015,844,1015,844,1099,611,1099,0.9137758
1385,999,1476,1004,1470,1136,1379,1131,0.8615713
877,986,1124,986,1124,1122,877,1122,0.9173466
1146,982,1364,982,1364,1124,1146,1124,0.89996016
335,986,580,986,580,1103,335,1103,0.8930286
410,896,446,896,446,934,410,934,0.58476263
663,846,870,846,870,965,663,965,0.8987736
899,848,1098,848,1098,940,899,940,0.89998144
193,825,383,825,383,940,193,940,0.94067556
1435,819,1621,819,1621,942,1435,942,0.9068967
1130,804,1408,804,1408,938,1130,938,0.93752974
457,798,649,798,649,944,457,944,0.89620745
1313,664,1595,664,1595,771,1313,771,0.9196181
481,658,747,658,747,802,481,802,0.8790776
204,659,455,651,460,795,208,803,0.90615654
1004,662,1280,662,1280,775,1004,775,0.9027049
773,654,978,654,978,806,773,806,0.9174795
990,520,1193,520,1193,614,990,614,0.8732529
1230,503,1555,510,1552,632,1227,624,0.9022491
253,499,956,508,955,629,251,620,0.8294279
1033,338,1311,338,1311,445,1033,445,0.9334436
724,338,1000,338,1000,451,724,451,0.9248206
489,340,692,340,692,451,489,451,0.88267833
582,169,806,169,806,288,582,288,0.90698946
822,167,921,167,921,315,822,315,0.82357407
939,149,1224,143,1226,285,941,291,0.90856636
