375,284,451,282,451,314,376,315,0.90923595
113,280,186,285,184,316,111,311,0.8752257
195,274,286,277,284,316,193,313,0.8581846
293,276,367,276,367,309,293,309,0.9195111
425,243,494,241,495,275,426,277,0.87996674
149,242,240,242,240,275,149,275,0.8948427
70,241,139,243,138,274,70,272,0.89553636
290,241,358,241,358,273,290,273,0.9034643
364,239,419,239,419,269,364,269,0.9287077
246,233,286,233,286,271,246,271,0.889833
374,202,440,202,440,236,374,236,0.90714234
299,201,368,201,368,235,299,235,0.88501966
447,202,506,202,506,229,447,229,0.8981
173,202,228,202,228,228,173,228,0.9200215
104,200,166,200,166,229,104,229,0.87997335
235,199,293,199,293,231,235,231,0.8824116
58,191,101,193,100,230,57,228,0.87148947
47,23,99,23,99,32,47,32,0.7572532
