398,925,599,925,599,978,398,978,0.84253156
709,816,839,816,839,870,709,870,0.80779576
511,813,646,818,644,868,509,863,0.850207
160,809,254,813,252,872,158,868,0.891077
345,814,428,814,428,861,345,861,0.9019293
441,814,499,814,499,861,441,861,0.9304665
262,812,336,812,336,862,262,862,0.9189012
655,814,700,814,700,864,655,864,0.8582614
544,751,656,751,656,802,544,802,0.8939682
446,751,529,751,529,805,446,805,0.9143181
340,752,432,752,432,795,340,795,0.8538483
264,695,312,695,312,732,264,732,0.8559901
435,687,521,687,521,740,435,740,0.92536116
536,682,678,687,676,741,534,736,0.84904486
322,689,420,689,420,730,322,730,0.89778286
151,684,259,684,259,740,151,740,0.88647115
761,684,846,684,846,732,761,732,0.93137246
690,680,752,680,752,734,690,734,0.8924529
