788,821,872,821,872,849,788,849,0.866845
614,821,688,821,688,844,614,844,0.8595727
478,820,534,820,534,845,478,845,0.85943294
419,820,470,820,470,845,419,845,0.8488091
99,820,148,820,148,845,99,845,0.8247488
281,818,314,818,314,846,281,846,0.78577703
200,689,253,689,253,710,200,710,0.83784455
77,684,192,687,192,714,76,711,0.812725
37,683,73,683,73,710,37,710,0.8619718
224,642,232,642,232,659,224,659,0.5899024
572,626,689,626,689,657,572,657,0.8624181
40,626,136,626,136,657,40,657,0.87163615
431,623,512,623,512,656,431,656,0.8232607
314,624,421,624,421,656,314,656,0.83075666
239,624,308,624,308,658,239,658,0.8528395
142,623,214,623,214,657,142,657,0.8603938
522,624,563,624,563,658,522,658,0.877714
398,575,468,575,468,613,398,613,0.9033589
110,576,214,576,214,608,110,608,0.8762657
223,576,305,573,306,606,224,609,0.875239
476,575,517,575,517,609,476,609,0.886281
523,570,631,570,631,611,523,611,0.8534959
312,568,390,568,390,609,312,609,0.8499208
37,569,102,569,102,612,37,612,0.8688572
722,568,778,568,778,615,722,615,0.9080461
640,566,717,566,717,610,640,610,0.8650609
10,476,248,478,247,529,10,526,0.86337674
27,45,135,41,136,78,29,82,0.83919346
717,28,788,30,787,46,716,43,0.509423
723,1,792,4,792,20,722,18,0.6626591
883,3,908,3,908,17,883,17,0.69270515
907,1,932,1,932,18,907,18,0.7460087
