442,610,455,609,458,632,445,634,0.6380014
129,558,183,558,183,588,129,588,0.88088644
192,558,229,558,229,588,192,588,0.90399957
234,520,267,520,267,545,234,545,0.8673448
275,513,354,515,353,550,274,548,0.85292876
130,511,226,516,225,550,128,544,0.8655825
365,514,443,514,443,542,365,542,0.8642239
171,435,267,433,268,471,171,473,0.88844126
125,437,163,437,163,470,125,470,0.85404176
184,395,292,395,292,429,184,429,0.8735233
368,393,441,393,441,424,368,424,0.9056402
303,394,357,394,357,424,303,424,0.91203594
127,393,174,393,174,424,127,424,0.9196608
193,349,264,351,263,387,192,384,0.8569893
276,350,332,350,332,380,276,380,0.87522453
344,347,427,347,427,379,344,379,0.8765107
126,345,186,345,186,381,126,381,0.8644385
226,311,258,311,258,336,226,336,0.84908813
352,306,431,306,431,337,352,337,0.8829064
267,304,342,304,342,340,267,340,0.84371054
178,306,221,306,221,337,178,337,0.88478994
127,301,175,301,175,337,127,337,0.87869453
193,228,296,226,297,263,194,265,0.9008609
128,230,182,230,182,260,128,260,0.8675545
193,191,266,191,266,215,193,215,0.9113503
279,185,340,185,340,217,279,217,0.8784616
348,185,374,185,374,217,348,217,0.8781194
128,182,182,182,182,216,128,216,0.88742
382,180,427,180,427,217,382,217,0.9069704
387,141,465,147,463,178,385,173,0.8691276
176,143,230,143,230,177,176,177,0.8629988
305,143,379,143,379,171,305,171,0.94273657
128,142,169,142,169,178,128,178,0.79585004
240,142,295,142,295,172,240,172,0.9236596
475,47,529,47,529,81,475,81,0.914576
427,48,468,48,468,81,427,81,0.89935124
537,46,568,46,568,77,537,77,0.8822361
