182,585,293,466,319,491,209,610,0.6118952
232,77,304,77,304,110,232,110,0.8244031
363,77,429,77,429,106,363,106,0.7967109
112,79,149,79,149,104,112,104,0.8654745
19,76,75,76,75,110,19,110,0.85218483
312,76,356,76,356,107,312,107,0.8315261
157,76,224,76,224,104,157,104,0.89720315
79,76,106,76,106,106,79,106,0.7582307
676,43,735,43,735,66,676,66,0.7620526
404,42,471,42,471,69,404,69,0.8469712
309,39,394,39,394,72,309,72,0.8337926
619,37,671,37,671,73,619,73,0.83204335
560,37,612,37,612,73,560,73,0.866374
478,37,553,37,553,72,478,72,0.7595772
184,37,250,37,250,72,184,72,0.8223101
115,39,176,39,176,66,115,66,0.9249676
21,39,107,39,107,66,21,66,0.82169133
741,33,797,33,797,69,741,69,0.8384189
257,34,303,34,303,66,257,66,0.9120074
