369,500,468,500,468,557,369,557,0.9437672
174,500,274,500,274,557,174,557,0.9481448
281,500,361,500,361,557,281,557,0.9510341
472,494,546,494,546,559,472,559,0.94445807
569,434,645,434,645,493,569,493,0.9555691
395,433,471,433,471,492,395,492,0.9153487
155,426,254,426,254,493,155,493,0.9259094
259,427,321,427,321,485,259,485,0.9557543
328,425,387,425,387,485,328,485,0.91472137
478,422,563,422,563,484,478,484,0.9299247
73,421,149,421,149,485,73,485,0.9416473
317,359,392,359,392,419,317,419,0.91306806
75,353,184,353,184,407,75,407,0.92611647
478,351,541,351,541,411,478,411,0.9353308
248,350,313,350,313,413,248,413,0.9297391
548,347,647,347,647,411,548,411,0.92258525
194,352,241,352,241,410,194,410,0.9167366
396,343,474,343,474,413,396,413,0.9142405
181,288,307,288,307,335,181,335,0.91238666
533,278,622,278,622,337,533,337,0.93633604
439,278,527,278,527,337,439,337,0.93757117
97,278,172,278,172,337,97,337,0.9183593
360,273,438,273,438,338,360,338,0.8949778
314,278,354,276,357,337,316,339,0.86483204
515,214,592,214,592,272,515,272,0.9267036
72,208,171,208,171,262,72,262,0.96223736
179,205,268,205,268,271,179,271,0.9122518
598,204,650,204,650,264,598,264,0.90182495
270,205,321,203,323,264,272,266,0.8776579
416,199,510,199,510,264,416,264,0.90762913
323,201,409,198,412,263,325,266,0.90474105
606,61,702,61,702,71,606,71,0.51264924
586,23,708,25,707,65,585,63,0.65998113
