144,1149,168,1149,168,1160,144,1160,0.566205
98,1148,146,1148,146,1158,98,1158,0.5698665
39,1132,70,1132,70,1161,39,1161,0.71046114
94,1126,180,1126,180,1148,94,1148,0.60561687
711,976,845,982,843,1037,709,1031,0.7914582
602,982,702,982,702,1034,602,1034,0.8786598
491,974,592,979,589,1045,488,1040,0.8862015
376,977,482,977,482,1034,376,1034,0.87246954
315,977,368,977,368,1034,315,1034,0.8883644
832,903,948,903,948,954,832,954,0.8790771
677,899,778,904,775,956,674,952,0.8761138
374,897,474,897,474,963,374,963,0.88939005
789,899,825,903,818,957,782,952,0.7705102
483,897,573,897,573,956,483,956,0.9017587
226,895,363,899,362,954,225,951,0.81594396
582,895,668,895,668,956,582,956,0.8844421
813,559,892,559,892,576,813,576,0.67769593
778,558,820,558,820,578,778,578,0.67159396
748,556,777,556,777,576,748,576,0.7124619
426,531,458,531,458,556,426,556,0.65653247
745,505,768,505,768,526,745,526,0.65402824
