396,922,600,922,600,979,396,979,0.85111284
340,672,449,672,449,708,340,708,0.8731126
210,670,282,670,282,709,210,709,0.8975276
289,671,327,667,331,713,293,716,0.84002626
711,615,789,615,789,654,711,654,0.8699247
435,616,481,616,481,655,435,655,0.83821446
210,615,285,615,285,654,210,654,0.93215585
615,612,700,612,700,655,615,655,0.8808379
566,615,606,615,606,655,566,655,0.87924564
356,612,428,612,428,660,356,660,0.8826546
295,614,346,614,346,655,295,655,0.94375217
522,614,560,614,560,656,522,656,0.83974874
491,616,516,616,516,655,491,655,0.8477563
240,562,367,567,365,602,238,597,0.9006886
593,560,693,563,692,604,592,601,0.8534184
520,562,585,562,585,600,520,600,0.8903186
380,561,441,561,441,600,380,600,0.89472055
702,559,769,559,769,599,702,599,0.8945105
476,560,514,560,514,601,476,601,0.8548293
451,562,470,562,470,600,451,600,0.65412295
349,505,488,505,488,549,349,549,0.9024719
285,504,339,504,339,545,285,545,0.9030323
236,505,280,505,280,545,236,545,0.85941553
