75,341,96,356,82,375,62,360,0.6819319
120,336,138,357,122,371,104,351,0.7113327
523,339,547,339,547,366,523,366,0.58318806
271,335,301,343,293,371,263,363,0.79305625
165,332,184,342,174,362,155,353,0.6772915
236,328,259,336,251,357,228,349,0.69789875
200,319,232,341,212,370,180,349,0.7841226
102,319,119,336,106,349,89,332,0.74324435
183,303,200,320,186,334,169,317,0.749237
133,288,172,339,144,360,105,309,0.5812742
154,237,216,239,215,263,153,261,0.81478584
109,234,144,237,141,269,106,266,0.8712488
75,238,102,238,102,263,75,263,0.8614809
231,234,258,238,254,265,227,261,0.8471119
260,237,269,237,269,258,260,258,0.55916613
136,210,176,210,176,233,136,233,0.92569435
184,206,222,208,220,239,182,236,0.8394947
68,206,126,206,126,233,68,233,0.8684601
230,203,266,207,263,238,226,234,0.87030685
542,184,567,184,567,212,542,212,0.6291154
266,182,306,182,306,207,266,207,0.95065653
86,178,132,178,132,206,86,206,0.886443
219,177,259,177,259,202,219,202,0.9383741
186,178,213,178,213,203,186,203,0.8799844
140,177,179,177,179,203,140,203,0.8996658
24,178,54,178,54,202,24,202,0.91073346
62,172,84,174,81,209,60,208,0.7713535
77,143,127,147,125,179,74,175,0.87630284
221,146,254,146,254,174,221,174,0.87830245
178,143,215,143,215,174,178,174,0.931082
134,143,171,143,171,174,134,174,0.89805686
229,47,294,47,294,84,229,84,0.92214733
306,45,386,42,388,82,308,85,0.85150725
548,4,637,8,636,49,547,46,0.8383927
