293,283,336,285,335,301,292,299,0.83804643
562,283,585,283,585,299,562,299,0.895047
529,283,559,282,560,300,530,302,0.8823678
338,284,361,284,361,299,338,299,0.8946999
460,283,497,283,497,298,460,298,0.9127979
390,281,428,283,427,302,389,300,0.8461727
363,283,387,283,387,299,363,299,0.90267926
500,282,528,282,528,299,500,299,0.8725124
12,274,96,278,95,310,11,306,0.82807344
429,280,457,280,457,299,429,299,0.91408885
34,232,198,233,198,264,34,263,0.8286806
580,212,599,214,596,236,578,234,0.5147098
