0,457,8,456,10,472,1,474,0.50909996
167,387,183,387,183,404,167,404,0.7652723
126,384,163,387,162,405,125,403,0.7996213
94,383,123,383,123,403,94,403,0.81863344
65,380,91,382,90,402,63,401,0.8306497
39,381,63,381,63,401,39,401,0.8243203
244,355,283,355,283,376,244,376,0.8415992
288,355,327,355,327,373,288,373,0.8313885
79,355,107,357,106,373,78,371,0.7968875
187,353,240,355,239,378,186,375,0.8440498
111,353,151,358,149,376,109,371,0.8322104
153,354,184,354,184,374,153,374,0.8262215
331,354,354,354,354,373,331,373,0.8205321
43,353,77,353,77,369,43,369,0.8438177
356,352,392,349,394,370,357,373,0.82378364
393,352,417,350,419,368,395,370,0.79906636
417,348,443,346,444,367,419,369,0.80383587
442,347,462,344,464,366,444,368,0.83072644
254,324,290,325,290,342,253,340,0.8310159
225,323,250,323,250,341,225,341,0.89388555
196,323,222,323,222,341,196,341,0.8518733
177,324,193,324,193,345,177,345,0.86536384
148,323,175,323,175,342,148,342,0.8136784
112,323,146,321,147,343,113,345,0.86797297
39,322,81,324,80,343,38,340,0.8257345
83,322,112,322,112,341,83,341,0.86672324
21,322,37,322,37,339,21,339,0.8436377
259,301,327,301,327,321,259,321,0.7468941
99,301,144,302,143,321,98,319,0.8157641
23,303,45,303,45,318,23,318,0.83239317
222,301,244,301,244,319,222,319,0.8785471
47,299,95,301,95,321,46,320,0.8058458
169,301,193,301,193,319,169,319,0.82396185
148,301,165,301,165,319,148,319,0.6879928
195,301,219,299,220,318,197,320,0.8288124
391,300,424,298,424,315,391,316,0.8402917
372,299,388,299,388,317,372,317,0.7926937
334,298,369,296,370,317,335,319,0.78049594
448,296,471,296,471,314,448,314,0.8152113
425,296,447,294,448,313,427,315,0.82345355
222,279,253,279,253,298,222,298,0.8675849
155,280,186,280,186,296,155,296,0.85399526
73,280,100,280,100,296,73,296,0.8580743
24,280,51,280,51,296,24,296,0.8490507
286,279,326,279,326,295,286,295,0.9086805
190,279,218,279,218,296,190,296,0.88970387
104,279,129,279,129,296,104,296,0.8468363
132,279,152,279,152,295,132,295,0.89503413
52,279,71,279,71,296,52,296,0.8171138
258,278,280,278,280,296,258,296,0.85535413
331,277,355,277,355,295,331,295,0.84677684
28,259,67,261,66,277,28,275,0.8506879
140,258,173,258,173,275,140,275,0.8203739
178,257,218,257,218,273,178,273,0.8816684
123,258,139,258,139,277,123,277,0.80611646
97,257,121,257,121,274,97,274,0.83883166
70,257,96,257,96,274,70,274,0.8542479
296,256,318,256,318,274,296,274,0.7999915
261,256,292,256,292,272,261,272,0.80060154
220,257,249,255,250,272,221,273,0.82614744
321,253,355,253,355,274,321,274,0.82732284
77,237,132,237,132,255,77,255,0.7817084
50,238,67,238,67,253,50,253,0.79549575
30,237,48,237,48,253,30,253,0.8465723
172,235,205,235,205,254,172,254,0.83540475
287,235,312,235,312,252,287,252,0.8094736
253,235,285,235,285,252,253,252,0.9099735
141,235,170,235,170,252,141,252,0.8727588
210,234,248,235,248,251,209,249,0.8590387
332,233,353,233,353,251,332,251,0.81617606
313,234,331,234,331,251,313,251,0.84057
32,218,57,218,57,235,32,235,0.8285074
120,215,148,215,148,232,120,232,0.88628507
97,216,115,216,115,233,97,233,0.7968877
69,215,94,215,94,233,69,233,0.8106223
243,213,293,213,293,231,243,231,0.8354216
174,214,206,212,207,228,175,230,0.8482051
151,213,172,213,172,231,151,231,0.8279661
211,212,239,212,239,229,211,229,0.84721583
329,210,354,211,352,229,328,228,0.8092325
299,211,322,211,322,229,299,229,0.7526598
34,198,54,198,54,213,34,213,0.8921736
56,198,84,196,85,214,57,216,0.82972914
87,194,114,192,116,212,88,214,0.83684295
118,192,146,191,147,208,119,210,0.84058106
203,191,230,191,230,211,203,211,0.83756375
150,191,176,191,176,209,150,209,0.82298446
234,191,275,191,275,206,234,206,0.82680804
281,189,320,191,319,207,280,205,0.8276861
178,190,200,190,200,208,178,208,0.8120945
327,189,354,189,354,207,327,207,0.87927413
36,178,66,177,67,192,37,194,0.78192556
70,176,111,176,111,193,70,193,0.78623265
114,173,141,170,143,187,115,190,0.8249937
146,171,170,171,170,188,146,188,0.8364373
336,172,354,172,354,185,336,185,0.8547151
173,171,189,171,189,190,173,190,0.8306373
252,170,290,170,290,186,252,186,0.8834037
294,169,332,169,332,187,294,187,0.87085193
193,169,222,169,222,188,193,188,0.8771616
226,168,249,168,249,185,226,185,0.84575653
56,159,78,157,79,171,57,174,0.7853893
39,159,56,159,56,175,39,175,0.83825934
80,152,127,152,127,172,80,172,0.717002
128,152,172,150,173,168,129,170,0.77915436
175,150,193,150,193,166,175,166,0.66700613
282,144,347,148,346,167,281,163,0.7625449
195,148,219,148,219,165,195,165,0.85941505
220,147,243,145,244,163,221,165,0.8393015
246,146,268,146,268,164,246,164,0.846243
40,138,74,136,75,155,41,157,0.80685425
77,136,109,133,110,149,78,152,0.7876805
110,132,137,130,138,148,112,149,0.8057427
138,130,163,129,164,146,139,148,0.80150694
164,130,186,128,187,143,165,145,0.8131299
254,127,284,127,284,143,254,143,0.8568729
198,127,226,126,227,143,199,144,0.798277
230,126,250,126,250,144,230,144,0.80865955
313,126,353,126,353,141,313,141,0.85332084
288,125,310,125,310,142,288,142,0.8882509
42,121,68,117,70,134,44,137,0.781349
68,119,84,119,84,133,68,133,0.7211972
84,115,98,115,98,131,84,131,0.77468836
98,115,125,112,126,129,100,131,0.83534217
126,113,153,111,154,127,127,129,0.841838
155,111,179,108,181,126,157,129,0.8239688
184,109,234,107,234,123,184,124,0.8334712
293,104,328,104,328,122,293,122,0.81782794
239,105,264,103,265,120,240,122,0.84053504
331,104,353,104,353,121,331,121,0.87732595
268,102,289,102,289,121,268,121,0.84181035
44,102,73,97,76,115,48,120,0.78655213
74,97,96,95,97,113,75,115,0.7462878
98,96,147,91,149,108,99,113,0.8145874
151,90,174,89,175,104,153,106,0.79700613
178,88,199,87,200,103,179,104,0.84034455
204,87,235,85,236,101,205,103,0.8218427
271,84,307,84,307,99,271,99,0.8263472
314,83,352,83,352,99,314,99,0.85728294
239,83,266,81,267,99,240,101,0.7831293
67,81,91,77,94,92,70,97,0.7982159
92,76,119,72,121,90,94,93,0.7886653
122,73,150,71,151,88,123,90,0.78189695
153,70,176,68,177,84,154,86,0.83353317
179,69,215,65,216,83,180,86,0.76199937
222,66,258,64,259,80,222,81,0.8548574
265,62,315,64,314,81,265,80,0.8421335
322,62,353,62,353,79,322,79,0.8638434
50,57,82,51,85,71,53,76,0.76197183
83,51,145,43,147,62,85,71,0.78485644
41,37,54,35,56,48,43,50,0.54052925
53,32,85,26,88,42,56,48,0.74319744
84,25,110,21,113,40,87,44,0.7586029
109,21,136,18,138,34,111,38,0.81317914
136,16,160,13,162,31,138,34,0.8062712
161,14,180,12,182,28,162,30,0.7599117
526,12,549,8,552,24,529,29,0.79042274
181,10,204,7,206,26,183,29,0.77319694
205,7,227,5,229,24,207,27,0.8335462
