92,85,174,85,174,115,92,115,0.8592006
184,85,238,85,238,112,184,112,0.932472
25,85,59,85,59,112,25,112,0.8850372
65,86,82,86,82,111,65,111,0.87170655
208,50,305,50,305,79,208,79,0.8311479
145,50,199,50,199,76,145,76,0.8839241
52,49,135,49,135,79,52,79,0.8756443
484,50,519,50,519,76,484,76,0.9234847
435,50,476,49,477,76,436,77,0.91113824
25,52,43,52,43,75,25,75,0.851114
391,49,428,49,428,76,391,76,0.91434866
345,48,385,48,385,77,345,77,0.8757125
313,49,338,48,340,80,314,81,0.84419954
27,16,97,19,96,43,26,40,0.88218135
106,16,179,18,178,43,106,41,0.8587093
517,14,578,14,578,45,517,45,0.8615451
318,13,385,13,385,43,318,43,0.9226817
393,11,450,13,449,43,392,42,0.90823764
251,11,309,13,308,45,250,43,0.90139776
457,12,509,12,509,39,457,39,0.89109325
584,12,610,12,610,41,584,41,0.8550213
188,11,242,11,242,40,188,40,0.88965404
