245,545,296,549,294,571,243,567,0.8172299
365,546,413,546,413,570,365,570,0.85293347
329,546,361,546,361,566,329,566,0.86808085
301,546,324,546,324,566,301,566,0.85011035
379,521,411,523,410,543,377,541,0.8415089
307,522,337,522,337,544,307,544,0.784175
248,522,301,522,301,542,248,542,0.84296674
341,519,377,519,377,543,341,543,0.8643276
510,477,536,477,536,490,510,490,0.8662911
490,478,507,478,507,490,490,490,0.8314164
109,458,151,458,151,484,109,484,0.8675534
537,460,571,460,571,475,537,475,0.7937872
504,459,535,461,534,474,503,472,0.7820996
455,461,474,461,474,473,455,473,0.795741
156,457,192,459,190,484,154,482,0.8495722
477,458,502,460,501,474,476,472,0.78046393
196,458,224,458,224,479,196,479,0.8833232
74,458,105,458,105,479,74,479,0.84218925
22,456,68,453,70,480,24,483,0.8517351
485,445,503,445,503,460,485,460,0.75622684
458,443,484,445,483,461,457,459,0.7893447
527,443,547,443,547,459,527,459,0.78747714
548,443,570,443,570,458,548,458,0.88651747
504,443,526,443,526,458,504,458,0.794873
134,438,162,438,162,452,134,452,0.8955996
167,433,195,433,195,455,167,455,0.84920496
52,432,97,430,98,450,53,452,0.8512321
104,431,130,431,130,456,104,456,0.8272563
509,365,537,367,536,382,508,380,0.8006269
564,366,592,366,592,380,564,380,0.83102244
541,366,559,366,559,379,541,379,0.8539266
490,366,505,366,505,379,490,379,0.83751553
473,366,487,366,487,379,473,379,0.81433076
506,351,538,351,538,362,506,362,0.8539549
584,350,603,350,603,362,584,362,0.8199246
541,349,581,349,581,362,541,362,0.8692661
473,347,503,350,501,365,471,362,0.8100067
127,338,173,338,173,363,127,363,0.88131094
22,338,57,338,57,358,22,358,0.8632325
61,337,82,337,82,365,61,365,0.8426002
87,334,126,334,126,360,87,360,0.8256455
555,332,588,330,589,346,556,348,0.83043104
541,333,556,333,556,346,541,346,0.78612006
519,332,541,332,541,347,519,347,0.81716466
487,329,515,329,515,346,487,346,0.915747
79,313,100,313,100,334,79,334,0.78650016
143,310,169,312,168,334,141,332,0.83986956
107,312,138,312,138,333,107,333,0.891674
28,311,73,311,73,334,28,334,0.8625522
506,215,538,215,538,237,506,237,0.8838918
483,214,502,214,502,237,483,237,0.8415681
462,215,479,215,479,234,462,234,0.79059064
101,202,157,225,147,250,91,226,0.8377668
452,194,509,192,509,209,452,211,0.8524983
516,192,548,194,547,211,515,209,0.81787384
134,173,168,187,161,202,128,187,0.78826624
158,157,180,173,172,184,150,169,0.69753224
176,143,203,158,192,180,165,165,0.62604487
293,140,365,140,365,158,293,158,0.83780223
235,135,288,137,288,160,235,158,0.794239
272,115,327,112,329,135,273,138,0.83924973
283,44,417,44,417,75,283,75,0.9382619
432,38,562,35,562,74,432,77,0.8901301
74,34,181,34,181,78,74,78,0.8882567
189,32,273,36,271,80,188,77,0.885284
