319,853,377,853,377,884,319,884,0.79958016
482,847,530,847,530,881,482,881,0.8404404
386,850,425,847,428,878,388,881,0.79268926
437,847,472,847,472,880,437,880,0.829207
470,826,568,826,568,847,470,847,0.7947023
280,820,380,820,380,848,280,848,0.8562131
395,818,454,818,454,851,395,851,0.88494503
144,754,203,754,203,776,144,776,0.8937496
221,752,336,752,336,774,221,774,0.8870931
287,722,344,722,344,745,287,745,0.85305977
204,719,270,719,270,745,204,745,0.8813657
133,717,191,714,193,746,135,749,0.85277265
287,686,344,686,344,719,287,719,0.86997914
193,686,271,686,271,716,193,716,0.88812894
138,684,184,684,184,718,138,718,0.8560681
320,644,376,644,376,662,320,662,0.9522359
522,635,599,635,599,665,522,665,0.8545998
392,636,442,636,442,665,392,665,0.89434713
455,634,514,634,514,666,455,666,0.798856
302,612,409,612,409,632,302,632,0.85270417
525,605,569,609,567,638,523,634,0.78731716
425,604,460,604,460,636,425,636,0.8199555
469,601,515,601,515,636,469,636,0.80151707
574,602,620,598,623,633,577,637,0.75376993
502,581,562,581,562,602,502,602,0.86029845
372,581,432,578,434,601,373,604,0.79346645
300,581,358,578,359,601,301,604,0.8322904
575,575,620,579,618,607,573,603,0.81983334
449,574,488,574,488,605,449,605,0.86246103
151,546,232,546,232,576,151,576,0.86918
109,548,139,548,139,576,109,576,0.782884
41,544,98,544,98,576,41,576,0.8753431
482,491,659,492,659,512,482,511,0.7817096
415,420,474,420,474,448,415,448,0.88108104
340,418,402,418,402,449,340,449,0.84730285
269,416,329,416,329,449,269,449,0.8433865
487,414,578,414,578,449,487,449,0.77334374
316,389,396,386,398,421,318,424,0.7460624
408,386,457,386,457,420,408,420,0.7981572
464,384,529,384,529,420,464,420,0.84997886
156,296,214,296,214,319,156,319,0.8551912
456,290,547,290,547,325,456,325,0.79480827
292,293,370,293,370,319,292,319,0.8680712
384,292,443,292,443,319,384,319,0.89087707
227,288,280,288,280,320,227,320,0.8278437
295,265,358,265,358,290,295,290,0.8434902
222,266,282,266,282,288,222,288,0.8475629
440,259,521,259,521,289,440,289,0.8823058
371,258,431,258,431,289,371,289,0.88288915
175,259,211,259,211,290,175,290,0.8620145
176,235,239,235,239,260,176,260,0.8768156
472,227,518,224,520,259,475,262,0.84270257
376,227,457,227,457,258,376,258,0.8729126
301,227,364,227,364,259,301,259,0.8457985
248,227,292,227,292,262,248,262,0.841291
185,128,313,128,313,157,185,157,0.8926899
106,124,171,128,169,160,104,157,0.8472222
38,125,94,125,94,158,38,158,0.8737989
258,40,355,40,355,78,258,78,0.8709132
604,38,704,38,704,77,604,77,0.8794574
478,26,582,26,582,77,478,77,0.927471
374,25,456,25,456,78,374,78,0.88120717
