397,454,429,454,429,470,397,470,0.90164536
352,450,392,450,392,474,352,474,0.8957018
518,449,570,449,570,471,518,471,0.8947334
285,449,327,449,327,475,285,475,0.8883628
462,450,490,450,490,471,462,471,0.9117299
432,450,458,449,459,471,433,472,0.85099906
493,449,515,449,515,475,493,475,0.90787554
329,450,349,450,349,471,329,471,0.8554832
395,319,449,310,455,348,401,357,0.7610497
255,25,322,25,322,58,255,58,0.92158914
468,20,564,20,564,58,468,58,0.90606356
153,19,243,21,242,53,152,52,0.9233866
573,19,636,19,636,54,573,54,0.90474594
392,20,457,20,457,53,392,53,0.9332582
329,19,383,19,383,54,329,54,0.91915727
29,19,95,19,95,53,29,53,0.91928643
101,16,143,16,143,53,101,53,0.87217915
