194,720,230,720,230,742,194,742,0.7578413
123,718,196,718,196,738,123,738,0.7147103
173,696,236,696,236,712,173,712,0.72706914
116,696,173,693,174,713,117,716,0.76121414
120,593,238,593,238,620,120,620,0.8139649
89,559,264,559,264,594,89,594,0.74707997
176,535,250,535,250,547,176,547,0.786751
99,533,169,533,169,549,99,549,0.7549921
159,509,208,509,208,520,159,520,0.57836694
149,511,159,511,159,518,149,518,0.5052612
117,469,235,472,234,514,116,511,0.8288874
385,322,410,324,407,382,382,381,0.7428337
383,281,408,281,408,335,383,335,0.63244945
382,183,414,183,412,288,379,287,0.6135541
382,154,408,152,411,190,385,193,0.70267564
137,82,287,86,285,134,135,129,0.9147124
300,85,431,82,432,131,301,133,0.9192818
557,86,627,79,632,130,562,137,0.88481545
448,81,550,81,550,126,448,126,0.9174601
224,21,360,21,360,70,224,70,0.86369276
108,20,210,20,210,61,108,61,0.9362231
570,19,655,19,655,62,570,62,0.93395996
440,18,555,18,555,62,440,62,0.9136595
371,17,427,17,427,64,371,64,0.91011876
