582,636,614,636,614,650,582,650,0.6551427
280,616,360,616,360,657,280,657,0.9110657
195,609,267,606,269,649,197,653,0.89581585
132,609,186,609,186,651,132,651,0.8517751
65,608,121,608,121,656,65,656,0.8749119
438,606,506,606,506,651,438,651,0.88189816
517,606,572,606,572,648,517,648,0.9122591
371,605,429,605,429,651,371,651,0.87686116
478,557,555,554,556,586,479,589,0.83162004
254,547,359,547,359,598,254,598,0.8710629
113,546,194,546,194,598,113,598,0.87573266
567,547,634,547,634,590,567,590,0.8907578
371,546,468,546,468,590,371,590,0.8890022
203,548,244,548,244,592,203,592,0.8588428
44,546,102,543,105,589,47,592,0.86176866
432,149,556,153,555,196,431,193,0.89072883
326,151,417,151,417,198,326,198,0.8673034
248,152,313,152,313,198,248,198,0.90022886
125,153,234,153,234,189,125,189,0.8998067
164,90,269,90,269,136,164,136,0.88394433
452,90,521,90,521,132,452,132,0.93978596
282,89,362,89,362,137,282,137,0.9181903
371,88,441,88,441,131,371,131,0.9075993
413,30,490,30,490,72,413,72,0.9115878
497,28,556,28,556,74,497,74,0.8678979
282,28,398,28,398,69,282,69,0.9291117
136,28,203,28,203,73,136,73,0.9084126
561,26,620,26,620,73,561,73,0.9057968
66,26,126,26,126,72,66,72,0.88860506
213,25,270,25,270,73,213,73,0.8947956
