602,750,645,750,645,777,602,777,0.8804211
554,750,599,750,599,777,554,777,0.8804579
391,751,433,753,433,768,391,766,0.7278143
356,753,390,753,390,767,356,767,0.7631339
787,751,818,751,818,761,787,761,0.59087235
816,740,854,740,854,754,816,754,0.76561034
785,740,816,740,816,754,785,754,0.7574046
364,741,396,741,396,752,364,752,0.8505882
752,740,782,738,783,753,753,755,0.7580838
399,738,426,738,426,753,399,753,0.7776511
622,718,678,727,674,754,618,745,0.7890718
532,719,569,719,569,747,532,747,0.8387331
571,718,619,718,619,746,571,746,0.8483359
770,722,834,722,834,729,770,729,0.6040695
805,710,843,710,843,721,805,721,0.74888
763,710,802,710,802,721,763,721,0.78392196
571,685,646,692,644,721,569,714,0.807119
550,692,566,692,566,710,550,710,0.63453805
369,436,416,436,416,454,369,454,0.82055897
299,437,321,437,321,454,299,454,0.7668285
241,436,295,436,295,454,241,454,0.80729586
207,437,238,437,238,452,207,452,0.8113931
419,435,452,435,452,455,419,455,0.83381116
322,435,355,435,355,454,322,454,0.78333473
455,434,488,434,488,454,455,454,0.8517573
355,436,368,436,368,454,355,454,0.6418591
181,435,205,435,205,451,181,451,0.8601437
145,435,178,435,178,452,145,452,0.826189
120,435,141,435,141,452,120,452,0.8640858
410,416,454,416,454,434,410,434,0.78513587
167,415,222,415,222,433,167,433,0.7987874
490,412,535,414,534,436,489,434,0.83046657
456,414,488,414,488,433,456,433,0.8769743
370,414,407,414,407,434,370,434,0.80173445
285,414,326,414,326,433,285,433,0.7610098
261,413,283,416,281,434,259,431,0.739106
224,413,258,413,258,432,224,432,0.8515391
129,413,164,413,164,432,129,432,0.8217158
73,414,96,414,96,431,73,431,0.8486741
328,409,370,411,368,433,326,431,0.7699612
98,412,128,412,128,432,98,432,0.83057946
247,396,348,396,348,410,247,410,0.7448246
352,394,386,394,386,413,352,413,0.78183347
198,392,243,394,242,413,197,411,0.76662344
389,392,436,392,436,410,389,410,0.7922976
172,393,195,393,195,410,172,410,0.8361455
233,332,313,332,313,379,233,379,0.89013445
319,332,426,329,428,377,321,380,0.8999663
149,329,227,329,227,371,149,371,0.90380365
438,324,462,327,458,361,435,358,0.6975979
182,288,282,290,280,335,181,333,0.7912543
296,289,356,292,354,331,294,328,0.87426376
361,278,427,278,427,323,361,323,0.9111263
271,228,338,232,335,287,268,283,0.8935331
393,230,466,230,466,272,393,272,0.91560256
205,231,267,231,267,271,205,271,0.946173
470,229,526,229,526,278,470,278,0.8827088
107,226,201,234,198,275,104,267,0.85434484
89,228,110,232,104,263,83,259,0.53931844
341,225,390,225,390,272,341,272,0.9351183
