257,627,289,627,289,642,257,642,0.9041206
296,626,340,626,340,641,296,641,0.8498626
228,626,251,626,251,643,228,643,0.86737514
124,625,173,625,173,643,124,643,0.81796455
179,625,209,625,209,642,179,642,0.8214076
177,479,239,462,242,474,181,491,0.7243117
169,441,244,425,251,460,176,477,0.80306447
181,425,210,419,212,428,183,434,0.619687
125,418,154,413,155,425,127,429,0.70327824
156,413,181,409,183,421,157,424,0.7120465
182,410,210,404,212,416,184,421,0.7339847
210,405,225,403,227,413,212,415,0.6475706
224,401,285,393,286,404,226,413,0.6240386
178,180,247,180,247,217,178,217,0.93555313
253,179,309,179,309,214,253,214,0.9080855
56,179,115,176,117,215,59,218,0.85538936
122,178,168,178,168,213,122,213,0.87704086
344,139,414,139,414,163,344,163,0.92176133
499,131,589,135,588,171,497,167,0.89764273
424,132,487,132,487,170,424,170,0.8878717
59,132,112,132,112,170,59,170,0.891342
626,132,658,132,658,168,626,168,0.87416667
248,131,292,131,292,165,248,165,0.9162927
173,131,238,131,238,163,173,163,0.90738434
746,127,812,130,809,172,744,168,0.88363016
693,131,737,129,738,165,694,167,0.8598281
665,133,689,133,689,165,665,165,0.84089404
597,133,620,133,620,169,597,169,0.68290424
121,131,163,131,163,165,121,165,0.900601
300,130,335,130,335,165,300,165,0.88306975
123,65,249,65,249,85,123,85,0.6371719
125,37,217,37,217,54,125,54,0.8523229
