308,734,390,734,390,766,308,766,0.872144
250,728,295,728,295,766,250,766,0.8933434
169,702,268,699,269,729,170,732,0.8455364
358,701,413,701,413,733,358,733,0.8913471
283,701,347,701,347,732,283,732,0.8926383
312,666,412,666,412,700,312,700,0.90295684
422,661,479,661,479,734,422,734,0.8735719
246,666,299,666,299,700,246,700,0.8663712
167,662,235,662,235,704,167,704,0.8188178
292,236,390,236,390,265,292,265,0.9108551
145,234,222,234,222,265,145,265,0.8995653
238,233,281,233,281,268,238,268,0.87559026
404,230,449,230,449,268,404,268,0.8410987
306,206,365,206,365,238,306,238,0.84166616
223,202,293,202,293,233,223,233,0.89327085
40,34,216,35,216,56,40,55,0.7333371
