395,921,600,921,600,978,395,978,0.82280266
279,680,388,680,388,730,279,730,0.849733
738,682,825,682,825,720,738,720,0.91720784
460,682,551,682,551,720,460,720,0.9407736
171,676,269,679,267,730,169,727,0.8878601
655,679,726,679,726,722,655,722,0.8864799
565,679,645,679,645,721,565,721,0.93007046
396,680,446,680,446,724,396,724,0.86281854
278,621,424,621,424,670,278,670,0.8913222
615,625,719,619,722,665,618,672,0.87595546
526,620,605,620,605,662,526,662,0.87745255
438,616,516,619,513,668,436,664,0.87994015
735,620,849,617,850,658,736,662,0.8718079
150,618,266,618,266,662,150,662,0.8782532
660,570,738,570,738,609,660,609,0.85788095
750,560,835,560,835,602,750,602,0.8940162
308,559,412,559,412,604,308,604,0.87205034
162,560,295,560,295,600,162,600,0.85972154
578,559,649,559,649,602,578,602,0.8963963
510,560,566,560,566,601,510,601,0.9174813
424,559,499,559,499,601,424,601,0.91940355
