441,949,454,949,454,959,441,959,0.59958255
387,943,442,943,442,960,387,960,0.6607889
303,944,330,944,330,959,303,959,0.8376355
262,943,298,943,298,960,262,960,0.7328495
209,943,257,943,257,960,209,960,0.73352635
337,942,383,942,383,959,337,959,0.8083797
372,882,412,882,412,899,372,899,0.7556585
314,882,341,882,341,901,314,901,0.8226595
236,882,276,882,276,899,236,899,0.719616
345,881,371,881,371,900,345,900,0.75250393
289,881,311,881,311,900,289,900,0.73770964
209,881,240,881,240,899,209,899,0.690612
57,872,92,872,92,890,57,890,0.7968344
314,835,342,835,342,856,314,856,0.77540725
261,834,311,834,311,852,261,852,0.80677885
210,829,256,833,253,856,208,851,0.80903035
381,815,424,815,424,832,381,832,0.9014627
309,810,345,810,345,833,309,833,0.80055463
209,810,262,810,262,832,209,832,0.70481795
429,809,462,809,462,832,429,832,0.78418165
266,809,305,809,305,830,266,830,0.80840343
349,806,376,806,376,829,349,829,0.7961804
236,750,275,750,275,763,236,763,0.7954469
335,746,405,746,405,767,335,767,0.67099065
304,748,332,748,332,767,304,767,0.77617025
210,749,241,749,241,764,210,764,0.73907846
290,748,303,748,303,764,290,764,0.79920655
56,738,92,738,92,756,56,756,0.7555671
411,699,452,702,451,720,409,717,0.7364025
330,701,367,701,367,721,330,721,0.8217062
277,698,325,701,324,719,276,716,0.75662595
210,701,263,701,263,718,210,718,0.8127271
372,700,406,700,406,719,372,719,0.79418063
210,677,274,677,274,698,210,698,0.76414466
322,677,359,677,359,697,322,697,0.9162506
365,676,402,676,402,696,365,696,0.818002
406,669,456,674,453,702,404,697,0.7815915
280,673,317,673,317,696,280,696,0.85967535
363,614,404,614,404,631,363,631,0.7231602
313,614,341,614,341,634,313,634,0.7838572
211,616,275,616,275,629,211,629,0.78768355
342,614,362,614,362,631,342,631,0.60726225
289,613,311,613,311,632,289,632,0.739445
56,603,95,606,94,623,55,620,0.75799453
209,568,256,568,256,584,209,584,0.8599597
262,565,296,565,296,584,262,584,0.8083487
444,544,478,544,478,562,444,562,0.79793185
262,542,298,542,298,565,262,565,0.84589523
210,544,257,544,257,560,210,560,0.90666854
481,542,502,542,502,563,481,563,0.7135097
388,538,439,542,438,563,387,560,0.7779653
336,539,384,539,384,565,336,565,0.84476215
301,540,334,540,334,563,301,563,0.78179723
313,481,341,481,341,499,313,499,0.80756134
363,480,404,480,404,497,363,497,0.7888393
345,481,362,481,362,498,345,498,0.63426095
210,479,275,481,275,498,210,495,0.73818475
292,480,311,480,311,497,292,497,0.73857456
56,470,93,470,93,487,56,487,0.81053936
65,438,99,438,99,462,65,462,0.75794756
29,437,65,434,67,457,31,460,0.6910759
314,436,350,433,352,452,315,455,0.75949645
355,429,395,433,393,455,353,452,0.7729881
261,433,311,433,311,450,261,450,0.8548371
209,428,255,431,254,454,207,451,0.75991803
64,413,132,411,133,434,64,436,0.7704921
137,410,175,413,173,435,135,431,0.75294846
30,410,63,410,63,433,30,433,0.82722217
450,409,481,409,481,428,450,428,0.8787554
408,406,446,410,444,434,406,430,0.80247295
356,408,393,408,393,431,356,431,0.80735046
317,408,353,408,353,431,317,431,0.82924664
240,405,314,408,313,433,239,431,0.7203937
208,409,237,409,237,428,208,428,0.7960613
363,347,404,347,404,364,363,364,0.7625252
237,344,277,347,275,364,235,361,0.67449665
315,344,342,347,340,367,313,364,0.7425913
291,347,311,347,311,362,291,362,0.82406723
208,346,239,346,239,364,208,364,0.70443624
342,344,363,344,363,365,342,365,0.5579714
57,340,92,340,92,353,57,353,0.8247396
209,296,274,296,274,317,209,317,0.82414484
435,272,492,272,492,294,435,294,0.78179455
210,272,289,272,289,293,210,293,0.8514245
389,271,431,271,431,294,389,294,0.86750376
341,271,382,271,382,295,341,295,0.84018886
294,271,336,271,336,294,294,294,0.81588453
362,212,404,212,404,229,362,229,0.83583903
313,212,341,212,341,232,313,232,0.79336387
210,212,276,212,276,229,210,229,0.70232797
345,212,360,212,360,229,345,229,0.6506879
293,212,311,212,311,229,293,229,0.8228913
55,201,92,204,91,222,53,219,0.75479347
210,164,273,164,273,181,210,181,0.8491745
247,142,283,142,283,160,247,160,0.78401285
427,140,482,140,482,158,427,158,0.9097242
331,139,372,139,372,162,331,162,0.91912854
278,139,326,139,326,162,278,162,0.83057797
378,138,421,138,421,161,378,161,0.8505577
209,138,243,138,243,161,209,161,0.83499753
238,76,265,76,265,90,238,90,0.8420142
141,76,191,76,191,89,141,89,0.8583482
353,73,396,73,396,90,353,90,0.9027856
481,69,530,72,529,94,480,91,0.7802775
400,72,437,72,437,90,400,90,0.8913417
271,72,308,72,308,90,271,90,0.8338459
33,70,66,70,66,92,33,92,0.8114845
70,70,94,70,94,91,70,91,0.7912614
338,30,378,30,378,47,338,47,0.82065785
235,30,264,30,264,49,235,49,0.7917637
193,30,231,30,231,47,193,47,0.8223065
158,31,186,31,186,46,158,46,0.77416694
295,28,335,28,335,49,295,49,0.8389538
268,30,292,30,292,47,268,47,0.7863064
450,3,489,6,488,23,449,20,0.6809694
248,6,293,6,293,23,248,23,0.75545436
37,5,121,7,121,23,37,20,0.70554113
423,6,441,6,441,23,423,23,0.65462214
131,6,152,6,152,22,131,22,0.7426407
6,5,34,5,34,23,6,23,0.79682624
