234,124,339,129,338,166,232,161,0.8954999
351,122,454,122,454,158,351,158,0.9282911
467,121,541,121,541,159,467,159,0.8817684
128,119,181,119,181,160,128,160,0.86202675
188,121,224,121,224,158,188,158,0.90969586
303,74,352,74,352,110,303,110,0.8745784
171,69,291,69,291,107,171,107,0.94560117
77,69,158,65,159,109,79,112,0.8975228
358,68,408,68,408,105,358,105,0.9077772
501,62,590,66,589,110,500,106,0.8665154
415,65,488,65,488,104,415,104,0.9128396
445,13,528,13,528,55,445,55,0.94454384
145,13,246,13,246,55,145,55,0.8853568
538,13,612,13,612,50,538,50,0.91534656
350,13,434,13,434,50,350,50,0.8857988
257,12,340,12,340,56,257,56,0.86761403
57,12,134,12,134,56,57,56,0.8712827
