785,904,926,904,926,929,785,929,0.8015644
734,899,774,899,774,937,734,937,0.85179853
502,224,562,224,562,269,502,269,0.9228078
263,223,320,223,320,269,263,269,0.89137495
648,215,732,215,732,262,648,262,0.9012279
415,214,490,214,490,260,415,260,0.8708464
329,214,404,214,404,260,329,260,0.8625845
572,206,638,206,638,264,572,264,0.8768093
217,162,314,162,314,200,217,200,0.90431273
685,152,776,152,776,204,685,204,0.89596945
582,154,673,154,673,199,582,199,0.91544914
413,152,482,152,482,200,413,200,0.90038246
325,152,400,152,400,200,325,200,0.8934922
493,142,571,146,568,206,490,202,0.86459017
262,100,332,100,332,137,262,137,0.91366726
532,97,568,97,568,143,532,143,0.8198945
686,94,739,94,739,143,686,143,0.8580423
343,89,398,89,398,138,343,138,0.8847984
578,84,678,84,678,134,578,134,0.89386356
409,83,522,83,522,137,409,137,0.9091138
