788,758,816,758,816,765,788,765,0.6307002
602,749,644,749,644,777,602,777,0.8579024
554,749,599,749,599,776,554,776,0.8692489
392,751,434,753,433,768,391,766,0.73861206
356,752,390,752,390,766,356,766,0.7985268
754,746,783,746,783,757,754,757,0.8287364
816,744,854,744,854,758,816,758,0.64230704
784,743,817,743,817,757,784,757,0.65878344
362,739,397,739,397,753,362,753,0.7310228
399,738,427,738,427,753,399,753,0.7651074
808,733,846,733,846,743,808,743,0.7856599
759,732,806,734,806,745,759,743,0.67906475
620,717,680,726,676,755,616,746,0.7921755
533,721,568,721,568,745,533,745,0.9119299
571,718,619,718,619,745,571,745,0.8785053
805,706,844,706,844,716,805,716,0.7664801
763,706,803,706,803,716,763,716,0.78631747
571,686,645,693,643,721,569,714,0.8498831
552,689,568,693,563,712,548,708,0.5945452
776,250,796,250,796,267,776,267,0.8106023
1053,249,1086,249,1086,264,1053,264,0.76658505
938,248,975,248,975,267,938,267,0.8364448
799,248,835,248,835,267,799,267,0.86889553
978,247,1008,247,1008,267,978,267,0.82550913
907,247,937,247,937,267,907,267,0.8284174
730,246,772,248,771,266,729,264,0.7619043
702,247,729,247,729,268,702,268,0.78503895
670,248,700,248,700,264,670,264,0.8305528
1026,247,1051,247,1051,264,1026,264,0.85779554
837,245,867,245,867,269,837,269,0.7463742
1011,247,1023,247,1023,264,1011,264,0.687299
866,244,905,242,906,265,868,267,0.7691379
631,245,668,245,668,264,631,264,0.83209157
735,228,796,228,796,245,735,245,0.8205275
848,227,891,227,891,246,848,246,0.7518248
801,228,844,228,844,243,801,243,0.80684364
968,227,1001,227,1001,244,968,244,0.86327916
930,226,964,226,964,244,930,244,0.86521655
894,225,928,225,928,244,894,244,0.8335722
713,226,733,226,733,244,713,244,0.76955503
916,208,949,208,949,223,916,223,0.81108767
953,207,1000,207,1000,222,953,222,0.8326165
853,206,890,206,890,225,853,225,0.8337512
741,206,787,206,787,225,741,225,0.7940663
892,206,914,206,914,223,892,223,0.7670166
831,206,851,206,851,225,831,225,0.715997
714,206,739,206,739,223,714,223,0.8175286
788,203,831,203,831,225,788,225,0.7778116
797,154,882,152,882,181,798,183,0.8619126
661,149,722,152,720,190,659,188,0.8561721
888,139,970,139,970,189,888,189,0.8785147
975,137,1085,137,1085,188,975,188,0.8717257
726,140,792,140,792,183,726,183,0.9372086
596,136,659,136,659,182,596,182,0.8846609
1093,137,1117,137,1117,170,1093,170,0.76838523
933,102,1015,104,1014,137,932,135,0.8511587
804,101,882,101,882,130,804,130,0.9070083
888,88,929,88,929,132,888,132,0.877685
698,91,721,91,721,124,698,124,0.71825385
725,70,802,74,799,138,723,134,0.82801515
