693,588,860,591,859,624,692,621,0.8275056
128,357,261,357,261,404,128,404,0.94054556
448,346,584,346,584,405,448,405,0.93931544
358,339,433,339,433,422,358,422,0.9064439
278,340,345,340,345,409,278,409,0.91647863
602,336,828,327,831,412,605,420,0.9271264
251,250,351,248,352,327,253,329,0.91979724
695,249,815,249,815,311,695,311,0.94547987
552,249,678,244,682,324,555,330,0.93956393
370,235,545,245,541,330,365,320,0.8728942
139,233,245,233,245,315,139,315,0.94004047
897,233,945,233,945,332,897,332,0.7310617
