600,721,696,721,696,745,600,745,0.6699121
571,720,596,720,596,748,571,748,0.8330474
234,408,273,421,265,443,226,430,0.78581005
230,104,267,104,267,125,230,125,0.8414366
338,100,394,100,394,124,338,124,0.85651726
271,96,333,96,333,124,271,124,0.84307593
519,81,578,81,578,102,519,102,0.8571399
585,76,628,76,628,103,585,103,0.8753361
350,71,402,71,402,95,350,95,0.87076014
265,72,296,72,296,92,265,92,0.8850616
301,66,344,66,344,96,301,96,0.8668871
222,66,261,66,261,92,222,92,0.8953727
632,46,673,46,673,72,632,72,0.8853527
474,46,511,46,511,69,474,69,0.8858171
563,43,624,43,624,68,563,68,0.87024254
515,42,556,39,557,66,517,69,0.86855143
299,38,336,38,336,59,299,59,0.84702206
275,37,294,37,294,59,275,59,0.8198773
340,33,381,33,381,59,340,59,0.8581553
243,28,271,28,271,59,243,59,0.8957773
