584,923,683,923,683,944,584,944,0.75155675
552,920,579,920,579,949,552,949,0.8374353
161,403,329,391,333,452,165,464,0.87919825
349,126,391,126,391,143,349,143,0.8400945
396,121,447,121,447,148,396,148,0.81369364
313,119,345,119,345,144,313,144,0.8633099
278,118,310,118,310,144,278,144,0.8410343
314,96,355,96,355,118,314,118,0.749856
428,91,469,91,469,119,428,119,0.8686949
382,92,425,92,425,114,382,114,0.879565
269,91,311,91,311,114,269,114,0.84689313
354,93,378,89,382,113,359,118,0.71239465
307,67,346,67,346,85,307,85,0.7447824
258,67,302,67,302,84,258,84,0.8474882
447,66,482,66,482,85,447,85,0.79371035
408,62,442,62,442,86,408,86,0.80799335
351,61,380,61,380,86,351,86,0.7939402
383,61,404,61,404,85,383,85,0.80333173
328,37,351,37,351,59,328,59,0.728561
291,34,325,34,325,58,291,58,0.86303616
414,33,450,29,452,53,416,57,0.81098247
377,32,411,32,411,55,377,55,0.87547755
353,34,374,34,374,56,353,56,0.7593506
