1605,1966,1860,1966,1860,2020,1605,2020,0.70091426
1525,1961,1592,1961,1592,2035,1525,2035,0.82946867
1119,1193,1199,1193,1199,1262,1119,1262,0.8623233
1212,1172,1335,1172,1335,1252,1212,1252,0.9215078
1204,1108,1357,1108,1357,1155,1204,1155,0.9260301
1134,1101,1189,1101,1189,1170,1134,1170,0.7668757
1375,1093,1492,1093,1492,1165,1375,1165,0.90700144
964,1075,1124,1075,1124,1162,964,1162,0.8681438
220,302,423,284,433,402,230,420,0.79693896
734,294,841,294,841,343,734,343,0.8763167
546,292,641,292,641,353,546,353,0.89850414
651,292,721,292,721,346,651,346,0.8379866
434,288,533,281,537,342,439,349,0.8303249
456,202,511,202,511,261,456,261,0.756161
756,197,854,197,854,259,756,259,0.9134149
628,195,749,195,749,261,628,261,0.8744302
523,197,616,197,616,261,523,261,0.86519873
280,195,373,195,373,259,280,259,0.89998716
386,195,446,195,446,259,386,259,0.8500349
476,120,628,120,628,174,476,174,0.88834584
285,120,381,120,381,182,285,182,0.8699551
393,120,461,120,461,174,393,174,0.84896517
646,110,739,110,739,174,646,174,0.90351355
749,102,849,102,849,174,749,174,0.94319665
