31,1122,107,1126,106,1161,29,1157,0.7859821
160,1123,255,1123,255,1154,160,1154,0.82905805
114,1124,152,1124,152,1154,114,1154,0.85605
97,1048,131,1048,131,1070,97,1070,0.7950037
32,1048,90,1048,90,1069,32,1069,0.73685086
65,993,110,993,110,1015,65,1015,0.8931229
35,928,91,928,91,945,35,945,0.8197376
97,927,129,927,129,945,97,945,0.799956
65,870,108,870,108,894,65,894,0.83930546
101,783,136,783,136,807,101,807,0.8745219
63,783,94,783,94,809,63,809,0.8306211
588,701,648,701,648,722,588,722,0.7935654
655,698,688,702,686,726,652,721,0.72901005
200,644,246,644,246,677,200,677,0.8346002
316,614,349,614,349,638,316,638,0.81846535
374,611,416,611,416,641,374,641,0.88263893
518,610,588,610,588,637,518,637,0.88097984
464,610,513,610,513,638,464,638,0.8286478
269,610,315,610,315,643,269,643,0.8112325
200,610,263,610,263,637,200,637,0.9233002
419,608,460,608,460,638,419,638,0.8769793
350,608,373,608,373,638,350,638,0.7363636
579,522,624,522,624,552,579,552,0.83698744
193,88,288,95,285,126,191,119,0.8399547
32,85,76,85,76,121,32,121,0.7665477
110,72,174,72,174,133,110,133,0.7401011
640,12,710,12,710,39,640,39,0.7322113
558,10,609,10,609,37,558,37,0.75811774
523,7,555,7,555,42,523,42,0.57451445
463,10,482,10,482,36,463,36,0.6534235
496,7,522,7,522,40,496,40,0.68226135
