372,892,624,892,624,964,372,964,0.8213775
499,482,614,482,614,550,499,550,0.8748443
625,481,736,481,736,550,625,550,0.9143035
99,478,245,482,244,550,97,547,0.887671
381,480,490,480,490,548,381,548,0.9331272
807,484,898,475,905,542,814,552,0.90513784
256,479,366,479,366,540,256,540,0.9036099
746,481,801,481,801,541,746,541,0.87169576
594,415,710,415,710,471,594,471,0.8600506
725,404,868,404,868,468,725,468,0.93205166
131,401,245,401,245,469,131,469,0.9423707
465,402,581,402,581,459,465,459,0.9010698
258,402,365,402,365,459,258,459,0.9024847
376,396,456,396,456,460,376,460,0.8727227
