698,181,734,181,734,195,698,195,0.8188958
198,155,319,155,319,198,198,198,0.90219015
594,155,688,155,688,192,594,192,0.9018731
439,147,579,149,578,192,439,190,0.9071867
333,146,426,146,426,194,333,194,0.90080047
694,89,761,89,761,139,694,139,0.92708075
531,87,619,87,619,134,531,134,0.89568913
73,86,222,86,222,133,73,133,0.90002525
771,86,861,86,861,133,771,133,0.9415814
238,85,374,85,374,133,238,133,0.88881576
460,86,519,84,521,133,462,135,0.8597605
628,85,685,85,685,135,628,135,0.86475384
389,83,452,81,454,133,390,136,0.9230316
412,33,491,33,491,80,412,80,0.8932646
501,33,565,31,567,72,503,75,0.8960107
305,31,400,33,399,75,304,72,0.86405134
265,34,297,34,297,73,265,73,0.82793826
83,25,182,25,182,74,83,74,0.8845749
576,25,651,25,651,74,576,74,0.8983115
658,25,724,25,724,75,658,75,0.9111506
190,24,255,24,255,74,190,74,0.9167978
734,19,850,19,850,75,734,75,0.87428427
