64,910,100,910,100,941,64,941,0.78323495
12,908,63,908,63,941,12,941,0.8477292
96,909,156,904,158,937,98,941,0.823911
319,859,374,847,378,870,324,882,0.7859026
377,846,439,834,443,860,382,873,0.77697927
273,830,335,821,339,851,277,860,0.84474504
337,821,394,809,399,834,342,846,0.77033514
396,807,424,803,427,828,400,833,0.7815578
424,803,473,793,478,821,429,831,0.83017004
254,804,324,789,328,814,259,829,0.7623981
328,790,365,784,369,808,331,815,0.810766
368,784,442,768,447,793,372,809,0.7746302
444,766,479,758,484,782,449,790,0.7740216
253,716,288,716,288,740,253,740,0.66514677
171,715,253,715,253,737,171,737,0.7568303
138,713,169,713,169,738,138,738,0.7773745
79,712,134,712,134,738,79,738,0.82989144
218,678,287,678,287,704,218,704,0.84947944
138,675,210,678,209,705,137,702,0.7610057
66,677,108,677,108,701,66,701,0.88893574
9,676,61,676,61,702,9,702,0.82756484
292,674,359,674,359,701,292,701,0.90469986
111,674,135,674,135,703,111,703,0.7692429
123,492,256,492,256,529,123,529,0.8582152
263,487,341,487,341,534,263,534,0.8011966
47,488,114,488,114,526,47,526,0.90948075
288,347,361,347,361,382,288,382,0.8691807
453,346,493,346,493,382,453,382,0.844411
368,342,448,342,448,382,368,382,0.93943316
191,128,331,131,330,169,190,167,0.8136903
101,131,180,131,180,162,101,162,0.8296678
92,46,423,43,423,68,92,71,0.5712849
436,43,485,43,485,72,436,72,0.8296074
80,37,135,37,135,54,80,54,0.5485578
151,37,210,37,210,50,151,50,0.7101538
