189,497,272,502,270,541,187,536,0.8643323
102,498,176,501,175,535,101,533,0.85986584
56,496,95,500,92,537,52,533,0.7025393
305,453,371,453,371,487,305,487,0.8721231
379,445,423,447,421,482,378,480,0.8955932
429,444,495,444,495,481,429,481,0.8794647
55,448,88,445,91,480,57,483,0.81999725
507,445,563,445,563,483,507,483,0.9103902
217,442,293,442,293,487,217,487,0.8910212
172,444,208,447,205,483,170,480,0.8343894
99,439,163,439,163,482,99,482,0.8972104
101,394,175,394,175,428,101,428,0.8625329
54,393,88,391,90,429,56,431,0.7006888
264,389,324,387,325,435,265,437,0.89523894
185,390,256,390,256,428,185,428,0.909195
164,336,256,339,255,381,163,378,0.9123592
56,339,149,336,150,379,57,382,0.8974008
346,290,446,296,444,329,344,323,0.8786824
94,287,233,287,233,328,94,328,0.8627023
514,286,625,286,625,322,514,322,0.91719276
454,286,503,286,503,325,454,325,0.8969524
279,281,338,284,336,332,277,329,0.9126882
245,288,270,288,270,323,245,323,0.90773463
53,289,76,285,83,323,59,327,0.71719706
139,235,199,235,199,270,139,270,0.9015725
55,232,128,232,128,270,55,270,0.9362693
58,181,182,186,181,222,57,217,0.88636863
507,181,555,181,555,218,507,218,0.88395923
362,182,407,182,407,218,362,218,0.91293615
285,179,355,179,355,225,285,225,0.92621785
415,176,498,176,498,226,415,226,0.83016443
194,179,276,179,276,218,194,218,0.921937
561,179,588,179,588,217,561,217,0.90285486
148,98,336,98,336,118,148,118,0.83995175
145,62,211,67,209,90,143,85,0.8427504
