649,900,732,900,732,935,649,935,0.82631356
258,895,351,895,351,940,258,940,0.8926138
736,895,805,895,805,936,736,936,0.8584412
487,894,563,894,563,942,487,942,0.9005772
416,891,488,895,485,943,413,940,0.8799718
351,893,417,893,417,943,351,943,0.86530435
171,895,254,891,256,935,173,939,0.8852607
563,892,649,892,649,937,563,937,0.8752832
535,845,650,848,649,887,534,884,0.8195585
318,835,447,835,447,882,318,882,0.7825459
457,835,525,835,525,884,457,884,0.8919757
517,787,653,790,652,833,517,830,0.8586485
364,790,501,787,502,826,365,829,0.8773774
261,785,354,785,354,829,261,829,0.87564915
667,786,720,786,720,831,667,831,0.8906514
401,126,513,126,513,189,401,189,0.9244826
255,129,383,129,383,177,255,177,0.9591287
535,120,726,120,726,178,535,178,0.9136489
389,43,484,43,484,109,389,109,0.9023149
207,34,371,34,371,95,207,95,0.8743982
678,32,786,35,784,100,676,97,0.87898433
583,26,668,26,668,99,583,99,0.89914984
493,27,576,23,580,98,496,102,0.89856285
