290,840,403,840,403,889,290,889,0.88546264
499,833,580,837,577,895,497,891,0.888895
420,833,490,833,490,893,420,893,0.7483723
593,836,636,829,645,889,602,896,0.7386353
645,839,661,839,661,858,645,858,0.72990483
316,768,413,768,413,816,316,816,0.92123836
219,765,299,765,299,817,219,817,0.9180387
692,755,853,762,850,828,689,820,0.8566085
554,760,676,760,676,817,554,817,0.8796569
79,757,205,762,203,818,77,813,0.86653477
432,756,538,760,536,819,430,816,0.86733305
798,214,942,223,938,288,794,279,0.8882271
704,110,910,121,908,169,702,158,0.85324246
190,107,374,114,372,170,187,163,0.8010229
484,109,586,105,588,170,486,174,0.84285724
393,107,472,111,470,162,391,158,0.88982916
53,105,170,110,168,162,51,157,0.8694229
599,101,684,98,686,161,602,164,0.87721
252,40,451,40,451,94,252,94,0.9197305
114,36,234,36,234,97,114,97,0.90926373
603,37,718,37,718,89,603,89,0.9172569
473,36,587,36,587,89,473,89,0.89705604
737,28,854,31,853,91,736,87,0.87893856
