254,71,319,71,319,95,254,95,0.8813861
25,67,98,67,98,94,25,94,0.9170084
174,65,244,65,244,91,174,91,0.87636644
593,61,645,64,643,97,591,94,0.8550305
535,63,585,63,585,95,535,95,0.89201045
438,65,474,65,474,92,438,92,0.9180602
370,63,428,63,428,95,370,95,0.89620525
329,64,364,64,364,97,329,97,0.8745783
106,63,164,63,164,95,106,95,0.8810943
481,63,527,60,529,90,482,93,0.8505126
352,24,406,24,406,56,352,56,0.90830225
490,24,549,24,549,51,490,51,0.9028707
412,22,483,22,483,57,412,57,0.8517901
246,23,292,23,292,57,246,57,0.9194831
171,24,207,24,207,52,171,52,0.8760142
300,22,347,22,347,51,300,51,0.9167305
211,23,241,23,241,52,211,52,0.8841514
116,19,166,22,164,55,114,52,0.8803469
