764,920,882,920,882,946,764,946,0.66577405
725,918,757,918,757,954,725,954,0.801838
594,758,619,758,619,778,594,778,0.8724675
622,755,668,755,668,778,622,778,0.837232
672,751,719,751,719,779,672,779,0.8242466
472,749,564,749,564,784,472,784,0.82853085
317,733,362,733,362,756,317,756,0.82421446
278,733,312,733,312,758,278,758,0.9011695
364,730,409,727,411,754,366,758,0.8444192
130,725,214,725,214,761,130,761,0.85523546
709,706,773,710,769,781,705,777,0.7203503
606,710,624,710,624,720,606,720,0.55378354
542,662,604,658,607,704,545,707,0.8044014
640,653,694,659,689,708,634,702,0.8427255
312,636,371,636,371,679,312,679,0.87289697
224,635,283,635,283,678,224,678,0.8621992
240,554,301,554,301,587,240,587,0.5830802
662,554,699,554,699,580,662,580,0.8638942
737,548,781,548,781,582,737,582,0.82056695
705,550,733,550,733,580,705,580,0.84055173
773,512,823,515,821,544,771,541,0.8182336
682,510,732,510,732,545,682,545,0.8917482
620,509,676,509,676,542,620,542,0.86379343
737,509,768,509,768,542,737,542,0.8198069
386,352,428,352,428,374,386,374,0.8041155
265,337,363,337,363,372,265,372,0.83948296
403,334,443,334,443,352,403,352,0.8755326
370,332,400,332,400,352,370,352,0.84983253
563,82,631,82,631,112,563,112,0.8298482
638,82,694,82,694,113,638,113,0.863273
706,77,824,77,824,116,706,116,0.8789601
539,83,557,83,557,112,539,112,0.71863997
