332,262,513,262,513,346,332,346,0.9335555
813,245,1119,245,1119,370,813,370,0.87783724
551,235,775,235,775,346,551,346,0.945808
1402,231,1567,231,1567,351,1402,351,0.9417951
1154,228,1374,228,1374,348,1154,348,0.948278
114,231,296,231,296,348,114,348,0.91163117
1357,74,1524,74,1524,204,1357,204,0.9310781
1107,61,1333,61,1333,208,1107,208,0.91975945
665,64,894,64,894,184,665,184,0.9085941
398,64,634,64,634,181,398,181,0.9426371
169,64,363,64,363,179,169,179,0.9066146
918,59,1080,59,1080,181,918,181,0.9145614
