252,842,403,849,402,890,250,883,0.8465215
421,839,478,839,478,883,421,883,0.8675032
248,793,317,793,317,823,248,823,0.86395395
558,782,696,787,694,834,556,828,0.82314324
334,783,422,783,422,823,334,823,0.8730187
438,776,546,776,546,832,438,832,0.890163
129,781,232,778,233,820,130,823,0.87545043
19,780,114,780,114,823,19,823,0.8926225
586,597,629,602,624,640,581,634,0.650179
588,537,640,549,630,599,577,587,0.663657
476,522,579,543,570,590,467,568,0.74405545
378,212,474,212,474,256,378,256,0.91708213
268,219,360,205,367,254,275,268,0.8720582
579,155,715,159,713,206,578,202,0.8549509
354,156,442,156,442,196,354,196,0.8659539
272,154,340,154,340,200,272,200,0.87708676
146,154,258,154,258,197,146,197,0.89113533
457,149,564,149,564,205,457,205,0.91226596
20,149,130,152,129,199,19,196,0.86011827
