75,916,178,916,178,937,75,937,0.6725994
44,914,69,914,69,943,44,943,0.8465141
396,694,437,694,437,724,396,724,0.82670563
441,693,478,690,480,721,443,724,0.78404653
403,655,472,655,472,685,403,685,0.7941486
525,398,582,398,582,425,525,425,0.842979
336,398,390,398,390,421,336,421,0.8682783
495,396,520,396,520,424,495,424,0.73309886
435,394,490,394,490,426,435,426,0.8777792
286,394,329,391,331,421,288,424,0.8330187
336,361,389,361,389,384,336,384,0.84385115
506,354,559,354,559,385,506,385,0.8952652
460,355,502,355,502,384,460,384,0.9145042
288,354,330,354,330,384,288,384,0.86194044
487,78,528,78,528,101,487,101,0.8122923
533,73,587,73,587,104,533,104,0.8716278
404,72,436,70,438,101,406,104,0.8109314
438,69,482,65,485,99,440,103,0.8423419
361,68,404,68,404,103,361,103,0.8305698
591,68,625,68,625,101,591,101,0.8585861
492,42,512,42,512,66,492,66,0.7006768
583,42,597,42,597,65,583,65,0.70400536
515,38,579,38,579,65,515,65,0.85258806
433,37,490,37,490,65,433,65,0.8061011
388,30,430,30,430,67,388,67,0.5562797
