377,912,620,912,620,979,377,979,0.8169257
839,784,882,784,882,802,839,802,0.7399777
675,747,825,747,825,806,675,806,0.9093279
378,752,422,752,422,800,378,800,0.84595627
549,745,658,745,658,798,549,798,0.93122625
285,745,369,745,369,800,285,800,0.8832151
114,741,197,744,194,801,112,797,0.8488962
206,741,276,741,276,800,206,800,0.80861026
430,738,534,738,534,796,430,796,0.8456239
195,690,314,687,315,732,196,735,0.8741564
681,688,761,688,761,736,681,736,0.8722036
441,690,506,690,506,728,441,728,0.9350607
595,688,670,688,670,726,595,726,0.8415865
774,686,861,686,861,729,774,729,0.877712
374,688,429,688,429,729,374,729,0.9367159
516,685,584,685,584,729,516,729,0.90877825
131,686,186,686,186,730,131,730,0.8864722
326,686,365,686,365,730,326,730,0.82274216
458,631,586,631,586,666,458,666,0.8755254
667,625,799,629,798,678,666,673,0.84563714
598,626,655,626,655,669,598,669,0.88224137
391,626,444,626,444,670,391,670,0.89188117
288,621,381,624,378,678,286,674,0.89056283
194,621,275,621,275,671,194,671,0.8561614
351,576,469,576,469,616,351,616,0.80949074
630,576,708,576,708,609,630,609,0.8127794
482,567,620,572,619,615,481,611,0.85551524
141,568,245,568,245,609,141,609,0.90247726
749,562,857,567,855,618,747,613,0.8461969
254,566,337,562,339,616,257,619,0.86494195
715,569,737,567,740,607,718,609,0.6509822
428,509,509,509,509,556,428,556,0.8804733
520,505,612,505,612,558,520,558,0.8736806
338,508,415,504,417,547,340,551,0.86580807
688,508,755,508,755,548,688,548,0.91242754
622,508,678,508,678,549,622,549,0.9344527
241,504,331,504,331,550,241,550,0.8898295
