189,924,239,889,254,911,204,946,0.80095375
102,887,148,920,131,944,85,911,0.81227565
240,886,281,858,298,883,256,911,0.8146258
68,855,104,877,85,909,49,887,0.7892586
21,831,64,859,49,883,6,855,0.8560592
281,859,328,824,345,848,298,882,0.7900754
506,812,620,812,620,862,506,862,0.90168685
631,797,740,797,740,862,631,862,0.8655579
658,752,798,752,798,794,658,794,0.9378492
549,740,643,740,643,797,549,797,0.9097089
451,739,537,739,537,797,451,797,0.90645325
253,731,292,759,272,787,233,759,0.8129465
291,723,341,759,322,785,272,749,0.82243395
219,710,253,733,235,761,201,738,0.6497808
249,686,293,722,271,750,227,714,0.8205604
54,677,92,681,89,714,51,710,0.8155255
19,673,51,673,51,706,19,706,0.8683128
203,664,244,691,226,720,185,692,0.8556518
161,554,208,557,206,591,158,587,0.84583217
128,551,162,555,158,588,124,584,0.823208
24,551,71,551,71,584,24,584,0.85790753
74,545,129,550,126,584,71,579,0.8610224
571,466,677,466,677,530,571,530,0.87759936
446,412,565,409,566,463,447,466,0.9202163
671,408,800,411,799,465,670,462,0.906266
576,408,661,408,661,473,576,473,0.8897094
142,356,205,352,207,389,144,393,0.8503485
206,356,260,352,263,391,208,394,0.84651214
260,352,306,348,309,385,263,388,0.84101033
205,255,258,225,274,255,220,284,0.8323765
262,224,302,201,317,228,277,251,0.79093486
495,146,629,142,630,199,497,202,0.9094915
644,142,750,142,750,202,644,202,0.9120243
529,91,638,91,638,136,529,136,0.8935134
418,91,514,91,514,137,418,137,0.8924444
50,95,81,98,79,126,48,123,0.763286
769,80,831,80,831,139,769,139,0.9105962
651,74,759,74,759,140,651,140,0.89573747
14,15,139,20,138,52,13,48,0.7596468
