248,543,398,543,398,583,248,583,0.7553355
505,439,593,437,593,469,506,471,0.8657092
373,437,430,437,430,473,373,473,0.8478486
243,438,310,438,310,467,243,467,0.93048614
56,439,115,439,115,466,56,466,0.8900186
436,436,499,436,499,473,436,473,0.8789817
176,435,235,435,235,473,176,473,0.8493223
122,437,169,434,171,471,124,473,0.906032
318,436,366,436,366,468,318,468,0.90096056
352,395,411,395,411,427,352,427,0.93296856
142,394,242,396,242,424,141,422,0.8478365
421,394,504,394,504,423,421,423,0.93383926
306,394,344,394,344,425,306,425,0.9025885
252,392,300,392,300,424,252,424,0.9061763
