299,242,348,242,348,262,299,262,0.81640244
138,205,282,205,282,256,138,256,0.8997915
16,202,119,198,121,255,18,258,0.9011606
738,122,880,122,880,189,738,189,0.8670319
207,124,318,124,318,189,207,189,0.9180102
902,121,1059,124,1058,180,900,177,0.9063902
475,124,597,124,597,178,475,178,0.94623786
615,119,721,123,719,183,613,180,0.9049233
329,118,455,118,455,188,329,188,0.9183862
14,124,84,124,84,180,14,180,0.90158206
98,120,192,120,192,181,98,181,0.90444607
445,57,564,57,564,99,445,99,0.848493
969,44,1145,49,1144,111,968,106,0.8772768
145,41,289,47,287,108,143,103,0.9029983
19,45,130,45,130,110,19,110,0.900133
832,42,950,42,950,101,832,101,0.84392667
582,42,664,42,664,101,582,101,0.8917996
746,42,821,42,821,101,746,101,0.91855025
678,43,733,43,733,110,678,110,0.8651393
305,41,428,41,428,100,305,100,0.9505357
