964,819,1054,819,1054,850,964,850,0.82518953
54,250,146,250,146,300,54,300,0.9086586
52,104,157,104,157,166,52,166,0.8912637
279,108,420,102,423,153,281,159,0.8322599
169,101,268,101,268,166,169,166,0.87442327
691,32,821,35,820,92,689,89,0.90787524
325,33,455,33,455,94,325,94,0.91374576
923,34,1022,30,1025,90,926,94,0.8841025
469,30,581,30,581,94,469,94,0.90437
194,32,313,32,313,87,194,87,0.87537056
50,31,182,34,181,85,49,82,0.7231323
834,33,913,33,913,87,834,87,0.9090307
594,29,678,29,678,86,594,86,0.89005667
