269,279,275,279,275,287,269,287,0.5376693
173,269,255,269,255,296,173,296,0.89925385
345,267,385,267,385,299,345,299,0.89712614
286,267,337,267,337,298,286,298,0.8602693
850,251,893,251,893,281,850,281,0.8487407
742,238,806,238,806,283,742,283,0.5819419
177,197,263,197,263,225,177,225,0.8279721
444,196,536,197,536,220,444,219,0.87082434
344,192,433,189,434,223,345,225,0.8829854
272,190,334,190,334,225,272,225,0.87673455
545,187,589,189,587,228,543,226,0.8883095
178,144,255,147,254,179,177,176,0.8845354
546,145,604,145,604,179,546,179,0.91568226
266,144,337,144,337,180,266,180,0.8833101
486,145,538,145,538,175,486,175,0.8731053
613,142,690,142,690,180,613,180,0.8228839
698,143,745,143,745,175,698,175,0.88325256
751,141,800,141,800,174,751,174,0.89599717
420,142,450,142,450,175,420,175,0.8515138
348,140,415,140,415,175,348,175,0.87056357
459,144,475,144,475,174,459,174,0.68855983
809,138,850,138,850,174,809,174,0.9277462
348,91,409,93,409,117,347,116,0.8666382
285,90,338,90,338,122,285,122,0.92037773
175,87,276,87,276,122,175,122,0.926092
