247,541,401,546,399,587,246,581,0.7589393
186,488,226,488,226,509,186,509,0.88802624
278,483,343,483,343,509,278,509,0.9045526
407,483,463,483,463,509,407,509,0.8534847
351,483,400,483,400,509,351,509,0.95161694
231,482,274,482,274,511,231,511,0.8697315
306,453,347,453,347,471,306,471,0.87477344
412,446,479,446,479,475,412,475,0.82148784
177,443,250,447,248,477,175,472,0.87461394
353,446,405,446,405,470,353,470,0.85692185
257,444,300,444,300,473,257,473,0.924877
284,415,326,415,326,434,284,434,0.8606825
383,410,448,410,448,434,383,434,0.90380967
207,409,247,409,247,436,207,436,0.9241902
332,407,377,407,377,436,332,436,0.8717926
253,409,278,409,278,437,253,437,0.8186785
435,372,482,376,479,404,432,400,0.85099816
226,373,306,373,306,400,226,400,0.90826684
371,372,428,372,428,399,371,399,0.90895057
176,373,218,373,218,398,176,398,0.95066833
315,369,366,371,365,399,313,397,0.88150555
