596,924,699,927,698,947,595,944,0.7422566
564,923,592,923,592,952,564,952,0.80672425
317,737,374,737,374,768,317,768,0.92970335
328,707,362,707,362,726,328,726,0.8210682
406,702,448,702,448,726,406,726,0.87163615
365,702,403,702,403,726,365,726,0.8325968
290,702,324,702,324,727,290,727,0.746771
251,702,287,702,287,726,251,726,0.8663252
221,703,248,703,248,725,221,725,0.8697479
249,677,282,677,282,696,249,696,0.84516275
410,673,445,673,445,697,410,697,0.8688063
369,669,407,673,404,698,367,694,0.8049941
288,672,324,672,324,696,288,696,0.8730585
329,671,364,671,364,696,329,696,0.83399296
223,672,244,672,244,696,223,696,0.8148104
334,644,387,644,387,666,334,666,0.8796949
290,643,329,643,329,670,290,670,0.83858067
392,642,428,642,428,667,392,667,0.80274236
257,642,285,642,285,667,257,667,0.8845657
240,644,255,644,255,666,240,666,0.70806134
471,437,514,437,514,458,471,458,0.773424
435,438,469,438,469,457,435,457,0.7772036
397,438,431,438,431,457,397,457,0.8257654
488,406,518,406,518,431,488,431,0.77481145
394,404,439,404,439,427,394,427,0.9050621
353,403,390,403,390,427,353,427,0.9211024
519,402,558,402,558,428,519,428,0.8529527
444,400,487,400,487,428,444,428,0.8366842
508,376,544,376,544,400,508,400,0.8302642
391,379,426,375,428,394,393,398,0.8043884
333,373,387,373,387,396,333,396,0.87579733
546,372,579,372,579,396,546,396,0.8877933
469,372,504,372,504,397,469,397,0.8599325
432,372,465,372,465,397,432,397,0.84755665
548,344,570,344,570,366,548,366,0.7880191
500,341,545,341,545,370,500,370,0.85431415
342,341,390,341,390,367,342,367,0.8373173
460,342,495,339,497,364,462,368,0.8215248
427,343,459,339,462,365,430,369,0.76260304
391,337,429,337,429,367,391,367,0.86638564
443,138,480,138,480,157,443,157,0.79904807
388,133,441,136,439,162,387,159,0.83153194
483,133,519,133,519,158,483,158,0.82926327
477,107,516,107,516,127,477,127,0.82622004
521,98,558,101,556,133,518,130,0.83901554
436,102,472,102,472,127,436,127,0.809052
390,101,433,101,433,128,390,128,0.7567519
351,102,387,102,387,127,351,127,0.863474
400,74,430,74,430,100,400,100,0.80970174
500,71,552,71,552,97,500,97,0.8255143
358,72,397,72,397,96,358,96,0.9040912
432,71,471,71,471,97,432,97,0.8063345
474,71,496,71,496,96,474,96,0.7684
463,46,507,46,507,67,463,67,0.8942967
548,41,579,41,579,65,548,65,0.78156924
411,41,457,41,457,64,411,64,0.90545523
330,41,372,41,372,65,330,65,0.83553964
375,40,406,40,406,65,375,65,0.84907293
512,36,546,36,546,66,512,66,0.86073774
