637,618,704,618,704,644,637,644,0.88458735
562,617,623,617,623,644,562,644,0.8521099
811,611,884,611,884,646,811,646,0.8712511
718,608,794,608,794,643,718,643,0.82568264
780,583,828,583,828,611,780,611,0.862188
733,582,768,582,768,612,733,612,0.83527684
841,577,898,577,898,611,841,611,0.83455366
672,577,726,577,726,613,672,613,0.84709233
604,576,662,576,662,613,604,613,0.89852613
547,571,598,571,598,613,547,613,0.85072637
612,551,672,551,672,578,612,578,0.8639778
761,543,832,546,830,582,759,579,0.8847545
684,544,745,544,745,581,684,581,0.8255619
41,505,214,508,213,528,41,526,0.77338046
265,439,324,439,324,476,265,476,0.66318053
302,190,348,190,348,223,302,223,0.8385086
245,188,290,188,290,217,245,217,0.8543213
169,180,229,180,229,218,169,218,0.8836212
136,153,212,148,214,181,138,185,0.82568115
224,144,298,150,296,190,221,185,0.8342797
310,148,379,148,379,184,310,184,0.88371533
170,124,217,124,217,151,170,151,0.82949597
288,122,348,122,348,150,288,150,0.8234934
232,119,270,119,270,151,232,151,0.8417183
