206,679,228,679,228,689,206,689,0.52280384
369,673,463,673,463,692,369,692,0.8391579
333,655,375,647,377,664,336,672,0.7376256
215,450,241,450,241,472,215,472,0.8256603
155,447,209,447,209,472,155,472,0.8333999
119,444,148,444,148,472,119,472,0.8647995
142,258,189,260,188,283,141,281,0.8435126
193,258,222,258,222,280,193,280,0.8253459
230,255,275,255,275,278,230,278,0.9229834
283,251,334,251,334,281,283,281,0.9044559
302,65,350,65,350,88,302,88,0.86331695
191,31,216,31,216,53,191,53,0.81867284
130,29,183,29,183,52,130,52,0.87517107
221,25,248,25,248,53,221,53,0.868185
92,25,121,23,123,51,94,53,0.81051475
