113,916,219,922,218,944,112,938,0.77259696
27,911,61,911,61,943,27,943,0.5140704
218,865,251,865,251,884,218,884,0.8525333
418,863,462,863,462,886,418,886,0.8289958
364,863,414,863,414,884,364,884,0.9075877
321,863,360,863,360,886,321,886,0.85513306
290,863,317,863,317,889,290,889,0.8271798
254,862,288,862,288,886,254,886,0.819349
180,862,214,862,214,887,180,887,0.76345193
197,808,242,808,242,824,197,824,0.83565074
153,803,192,803,192,826,153,826,0.8287255
36,803,74,803,74,826,36,826,0.82717806
122,803,148,803,148,826,122,826,0.8793055
79,802,115,802,115,824,79,824,0.920531
447,481,494,481,494,504,447,504,0.8208863
379,480,442,480,442,506,379,506,0.858634
344,476,375,476,375,503,344,503,0.825805
245,90,293,93,292,111,244,108,0.74714386
454,6,493,6,493,24,454,24,0.80048716
280,7,307,7,307,22,280,22,0.8157296
233,6,275,3,276,20,234,23,0.7162912
62,6,106,6,106,23,62,23,0.7994502
5,3,59,6,58,23,4,20,0.66071826
496,7,506,7,506,20,496,20,0.5779566
111,6,133,6,133,22,111,22,0.662687
412,1,451,1,451,29,412,29,0.5831188
