325,625,411,625,411,645,325,645,0.83532304
441,623,494,625,493,646,440,644,0.8371021
239,625,299,625,299,644,239,644,0.8642387
46,624,95,624,95,645,46,645,0.8442037
155,624,185,624,185,645,155,645,0.88913673
129,536,189,536,189,554,129,554,0.86953515
24,535,121,535,121,555,24,555,0.86750925
132,487,181,487,181,521,132,521,0.90102607
189,487,239,487,239,516,189,516,0.90315306
338,486,392,486,392,516,338,516,0.8711346
280,486,330,486,330,516,280,516,0.8711359
247,487,273,487,273,516,247,516,0.8699315
22,484,74,484,74,516,22,516,0.8999387
79,484,126,484,126,516,79,516,0.9003433
22,442,75,446,72,479,19,474,0.8611576
366,443,421,443,421,472,366,472,0.9048559
314,442,360,442,360,476,314,476,0.9242154
271,443,309,443,309,471,271,471,0.9371902
155,442,207,442,207,471,155,471,0.9328964
79,441,148,441,148,476,79,476,0.86416274
213,441,264,441,264,471,213,471,0.916856
378,404,431,404,431,431,378,431,0.8880311
202,400,255,398,256,431,203,433,0.89011985
144,398,198,398,198,434,144,434,0.8668867
264,399,314,399,314,427,264,427,0.92662734
23,399,78,399,78,427,23,427,0.9392097
321,398,371,398,371,427,321,427,0.92303306
85,398,137,398,137,427,85,427,0.9013443
