609,930,700,930,700,950,609,950,0.6901969
582,926,607,926,607,955,582,955,0.70104593
119,673,163,668,166,695,122,700,0.78384495
202,666,277,666,277,692,202,692,0.7986664
166,665,194,662,198,692,170,696,0.796979
269,635,297,635,297,664,269,664,0.72954714
156,632,203,632,203,660,156,660,0.8928637
207,624,266,629,264,662,204,657,0.7842697
101,620,148,615,152,657,105,662,0.85875887
535,373,563,373,563,400,535,400,0.84251195
490,372,531,372,531,401,490,401,0.83833206
269,372,307,372,307,392,269,392,0.78970486
191,371,229,371,229,395,191,395,0.7854824
565,367,608,367,608,401,565,401,0.8982132
231,368,267,368,267,392,231,392,0.82704616
117,370,137,370,137,392,117,392,0.84565485
140,368,161,368,161,392,140,392,0.7007367
93,368,113,368,113,392,93,392,0.8076454
165,367,188,367,188,390,165,390,0.8571312
202,343,245,343,245,366,202,366,0.8338598
498,342,536,342,536,368,498,368,0.90665317
161,341,196,341,196,366,161,366,0.8578404
79,341,121,341,121,362,79,362,0.86900324
285,340,321,340,321,364,285,364,0.83360374
249,340,282,340,282,364,249,364,0.80460626
125,340,159,340,159,362,125,362,0.83619606
541,336,560,336,560,364,541,364,0.85012525
563,332,601,332,601,364,563,364,0.85067135
462,133,492,133,492,157,462,157,0.848797
577,130,628,130,628,152,577,152,0.8782788
531,130,576,130,576,152,531,152,0.8389675
494,125,529,125,529,154,494,154,0.81111985
549,101,590,101,590,122,549,122,0.8501921
617,97,648,97,648,122,617,122,0.8626304
592,98,615,98,615,121,592,121,0.8429741
522,98,546,98,546,124,522,124,0.8117775
483,94,520,94,520,124,483,124,0.83676016
443,94,481,94,481,122,443,122,0.87627655
429,72,474,72,474,90,429,90,0.8510846
506,68,552,68,552,90,506,90,0.90171367
601,67,624,67,624,90,601,90,0.87104535
480,67,502,67,502,90,480,90,0.83021283
558,64,597,64,597,92,558,92,0.83459765
628,62,664,62,664,91,628,91,0.8774366
481,41,514,41,514,59,481,59,0.9148968
635,40,662,40,662,62,635,62,0.8015224
594,37,630,37,630,62,594,62,0.8841877
432,37,474,37,474,61,432,61,0.87082714
557,35,591,35,591,65,557,65,0.81787884
519,36,553,36,553,60,519,60,0.8054693
