176,946,201,946,201,959,176,959,0.699916
310,941,374,943,373,959,309,956,0.74061275
240,942,303,942,303,959,240,959,0.7687736
206,943,235,943,235,958,206,958,0.72712123
116,941,169,943,168,960,116,957,0.7542908
75,940,106,944,105,960,74,958,0.624499
382,939,422,942,421,960,381,957,0.73718685
26,941,69,941,69,959,26,959,0.8125709
426,938,467,938,467,960,426,960,0.8080713
430,906,465,906,465,930,430,930,0.89418304
356,905,424,905,424,931,356,931,0.8113682
316,906,350,906,350,930,316,930,0.9311817
204,905,251,905,251,931,204,931,0.83688825
159,906,199,906,199,928,159,928,0.9037425
73,905,151,902,152,929,74,931,0.78333914
269,905,312,905,312,928,269,928,0.86770236
20,835,53,835,53,859,20,859,0.82083
171,835,205,835,205,854,171,854,0.81577426
63,836,75,836,75,857,63,857,0.7559273
120,833,166,833,166,854,120,854,0.88870585
79,832,113,828,115,853,82,856,0.7812981
449,804,476,804,476,827,449,827,0.8001824
26,804,48,804,48,823,26,823,0.78990567
393,800,443,800,443,827,393,827,0.86458933
137,802,178,802,178,824,137,824,0.8519956
98,802,133,802,133,826,98,826,0.7591236
312,800,354,800,354,822,312,822,0.8311353
256,800,308,800,308,822,256,822,0.78959066
224,802,251,802,251,821,224,821,0.8698203
183,800,218,800,218,826,183,826,0.8329032
54,798,94,798,94,826,54,826,0.8497097
359,798,390,798,390,823,359,823,0.7870924
441,772,468,772,468,792,441,792,0.7980781
83,772,110,772,110,790,83,790,0.7884683
61,772,80,772,80,793,61,793,0.73823804
220,768,285,771,284,792,219,789,0.7892189
153,769,213,769,213,791,153,791,0.9104763
116,769,145,769,145,788,116,788,0.8788514
469,767,498,767,498,791,469,791,0.7853482
324,767,370,767,370,790,324,790,0.8299555
290,767,321,767,321,791,290,791,0.8010393
400,766,438,766,438,790,400,790,0.77945805
375,767,398,767,398,790,375,790,0.7897175
274,715,320,715,320,733,274,733,0.787317
375,715,397,715,397,730,375,730,0.88735884
245,713,272,713,272,731,245,731,0.7088761
325,709,371,712,369,735,324,732,0.7941993
189,712,226,712,226,730,189,730,0.84462357
228,710,248,710,248,732,228,732,0.6514405
141,709,186,709,186,731,141,731,0.85528886
369,305,387,305,387,319,369,319,0.81677186
335,305,367,305,367,318,335,318,0.8693576
279,304,317,304,317,317,279,317,0.793999
53,302,158,302,158,318,53,318,0.7912677
252,302,271,302,271,319,252,319,0.59735155
164,301,214,301,214,318,164,318,0.7360511
17,301,56,301,56,318,17,318,0.73951095
215,300,243,300,243,318,215,318,0.783908
273,244,372,250,370,280,272,274,0.8277678
165,245,259,245,259,278,165,278,0.87790024
325,202,364,202,364,230,325,230,0.8972601
227,194,315,197,314,232,226,229,0.8684985
58,196,136,196,136,230,58,230,0.9074064
371,194,450,194,450,224,371,224,0.838864
142,196,174,196,174,227,142,227,0.8263704
179,192,219,192,219,228,179,228,0.8585364
460,193,484,193,484,226,460,226,0.85447663
429,148,489,148,489,184,429,184,0.8581903
172,148,261,148,261,182,172,182,0.8841305
272,148,342,148,342,178,272,178,0.8971954
352,146,421,146,421,178,352,178,0.90275055
50,148,121,145,122,176,51,179,0.8510968
130,146,166,146,166,179,130,179,0.86058724
485,85,515,85,515,107,485,107,0.74893695
25,79,173,79,173,108,25,108,0.83168066
424,80,452,80,452,108,424,108,0.672863
255,80,297,80,297,103,255,103,0.89202434
303,78,364,75,365,102,305,105,0.8115806
231,28,333,28,333,48,231,48,0.7064091
209,29,223,29,223,46,209,46,0.73754984
450,7,484,7,484,20,450,20,0.7656101
250,6,292,6,292,19,250,19,0.7758217
118,6,136,6,136,20,118,20,0.6348433
33,6,109,6,109,19,33,19,0.6757769
429,5,444,5,444,22,429,22,0.5762779
3,4,30,4,30,22,3,22,0.71163636
