277,1584,331,1584,331,1617,277,1617,0.81959724
906,1578,985,1578,985,1626,906,1626,0.859205
31,1578,153,1578,153,1624,31,1624,0.80803216
579,1578,681,1578,681,1617,579,1617,0.8585598
490,1578,571,1578,571,1617,490,1617,0.8730767
410,1576,484,1576,484,1626,410,1626,0.83372337
163,1573,270,1578,267,1626,161,1621,0.81459266
798,1571,899,1576,896,1622,796,1617,0.84015346
730,1574,792,1574,792,1626,730,1626,0.84510577
687,1574,724,1574,724,1619,687,1619,0.7549298
335,1569,408,1569,408,1617,335,1617,0.8806084
31,1530,203,1530,203,1557,31,1557,0.7915609
640,737,740,731,744,799,644,805,0.8904341
468,725,565,725,565,792,468,792,0.8903784
93,728,166,728,166,794,93,794,0.86945623
567,725,641,725,641,792,567,792,0.89468044
312,725,374,725,374,794,312,794,0.9177254
168,723,250,723,250,794,168,794,0.9015012
371,723,462,718,466,791,375,796,0.8818322
250,721,312,721,312,794,250,794,0.84958714
360,661,470,661,470,717,360,717,0.87249225
259,644,360,644,360,719,259,719,0.8993545
474,644,563,644,563,717,474,717,0.8624278
168,642,263,642,263,721,168,721,0.8335327
93,644,172,644,172,719,93,719,0.86140454
217,509,352,509,352,563,217,563,0.87870705
93,509,209,509,209,565,93,565,0.87735903
361,496,471,502,467,568,357,562,0.8290556
459,434,616,434,616,486,459,486,0.88604075
240,424,362,424,362,489,240,489,0.8756733
97,424,234,424,234,486,97,486,0.8988558
366,422,451,422,451,491,366,491,0.8849536
93,355,298,355,298,414,93,414,0.78428984
387,355,496,355,496,412,387,412,0.8538482
302,355,383,355,383,418,302,418,0.85812175
325,276,387,276,387,335,325,335,0.8849371
91,270,182,270,182,343,91,343,0.8815503
183,269,319,263,322,334,186,340,0.88305587
472,262,588,262,588,349,472,349,0.8859111
389,249,474,249,474,339,389,339,0.85152936
93,182,216,188,213,244,90,238,0.8514868
221,185,300,185,300,245,221,245,0.88995355
301,182,426,176,429,238,304,244,0.8609614
496,108,633,108,633,168,496,168,0.88477445
699,102,778,102,778,179,699,179,0.88469386
633,102,699,102,699,170,633,170,0.8702239
288,94,405,94,405,173,288,173,0.9010858
91,98,153,98,153,173,91,173,0.8809372
405,91,496,91,496,173,405,173,0.885365
153,85,279,85,279,170,153,170,0.8736308
95,19,188,19,188,81,95,81,0.9002413
306,8,399,8,399,79,306,79,0.8839097
188,4,304,4,304,79,188,79,0.88447624
