254,810,340,810,340,862,254,862,0.89143145
452,809,516,809,516,861,452,861,0.9220921
616,809,660,809,660,861,616,861,0.8896465
522,803,611,803,611,862,522,862,0.9046756
344,802,447,802,447,858,344,858,0.8982841
801,756,870,756,870,800,801,800,0.9177947
37,756,110,756,110,800,37,800,0.90082675
440,755,503,755,503,800,440,800,0.92849934
557,752,640,752,640,799,557,799,0.95322514
268,752,348,752,348,800,268,800,0.95374364
207,750,260,750,260,803,207,803,0.8964638
647,747,730,747,730,800,647,800,0.9236692
507,750,550,750,550,801,507,801,0.90891266
352,747,434,747,434,802,352,802,0.9032941
736,747,799,747,799,800,736,800,0.92907566
158,746,206,746,206,801,158,801,0.86391807
114,747,156,747,156,801,114,801,0.8934835
756,698,854,698,854,738,756,738,0.9298549
665,693,749,693,749,745,665,745,0.89230984
58,696,126,696,126,740,58,740,0.90125597
472,692,573,692,573,738,472,738,0.91408086
296,690,378,690,378,745,296,745,0.8991752
580,691,663,691,663,739,580,739,0.9061508
385,690,461,687,463,745,388,748,0.9041346
131,692,222,689,223,737,133,740,0.8891796
228,686,291,686,291,740,228,740,0.9092565
561,637,644,637,644,679,561,679,0.91504294
741,633,843,633,843,680,741,680,0.9279985
388,632,488,632,488,678,388,678,0.9566151
651,631,734,631,734,680,651,680,0.9334763
224,638,245,638,245,680,224,680,0.79595166
108,632,173,632,173,678,108,678,0.9453194
318,629,381,629,381,682,318,682,0.9151216
249,629,314,629,314,681,249,681,0.9056167
59,630,102,627,105,679,63,683,0.8377744
495,627,559,627,559,682,495,682,0.88867235
177,629,219,629,219,681,177,681,0.83375376
541,577,637,577,637,619,541,619,0.9065837
324,577,376,577,376,620,324,620,0.9110239
99,577,163,577,163,620,99,620,0.90843105
721,570,802,570,802,626,721,626,0.8953228
380,576,423,576,423,620,380,620,0.89589506
169,570,272,570,272,620,169,620,0.89789766
25,572,91,572,91,626,25,626,0.9286906
810,567,882,571,879,627,807,624,0.908245
475,572,534,572,534,620,475,620,0.95225585
426,570,470,570,470,620,426,620,0.90984225
276,570,320,570,320,621,276,621,0.8806255
644,566,716,566,716,621,644,621,0.9267724
653,24,792,20,794,74,655,78,0.8512878
790,18,890,18,890,75,790,75,0.8662553
