224,278,264,278,264,303,224,303,0.8939581
271,274,336,274,336,302,271,302,0.9177567
144,272,216,273,216,303,143,301,0.91277677
368,238,409,238,409,268,368,268,0.8648491
145,235,357,236,356,260,145,259,0.8431411
473,233,546,233,546,266,473,266,0.9245023
415,232,463,232,463,268,415,268,0.9129899
457,198,505,198,505,222,457,222,0.8598812
218,198,255,198,255,221,218,221,0.9046382
264,193,313,193,313,222,264,222,0.9376948
144,193,209,193,209,222,144,222,0.87400365
385,191,448,191,448,226,385,226,0.87132907
322,192,377,192,377,223,322,223,0.9018086
513,191,569,191,569,224,513,224,0.8891187
313,97,385,97,385,128,313,128,0.9258646
395,97,452,97,452,124,395,124,0.93393844
546,62,594,62,594,84,546,84,0.86627835
453,57,537,54,539,86,454,90,0.89072114
314,56,380,56,380,83,314,83,0.92510116
388,55,410,55,410,87,388,87,0.74181247
602,52,649,52,649,84,602,84,0.90582585
416,52,447,52,447,90,416,90,0.9135322
