849,1047,1006,1047,1006,1112,849,1112,0.9427978
721,1049,829,1045,832,1111,723,1115,0.88313967
610,1047,708,1047,708,1113,610,1113,0.9010035
201,1048,286,1048,286,1112,201,1112,0.9333445
376,1046,466,1046,466,1113,376,1113,0.897827
298,1048,364,1045,368,1124,302,1127,0.8342574
478,1042,596,1042,596,1112,478,1112,0.9391059
784,952,947,947,949,1025,786,1030,0.923755
280,952,408,952,408,1029,280,1029,0.91157407
426,952,595,952,595,1012,426,1012,0.87872744
616,952,766,952,766,1014,616,1014,0.92086387
963,944,1132,944,1132,1034,963,1034,0.88453877
200,950,267,950,267,1018,200,1018,0.8868203
79,945,189,945,189,1016,79,1016,0.93617815
650,858,786,858,786,920,650,920,0.9077946
513,844,634,844,634,921,513,921,0.9283462
404,843,498,843,498,920,404,920,0.9009596
105,762,255,762,255,834,105,834,0.90716445
504,756,751,756,751,819,504,819,0.9163522
895,753,1114,753,1114,822,895,822,0.9296619
274,750,477,750,477,819,274,819,0.92613274
772,745,878,745,878,825,772,825,0.945685
832,198,918,198,918,236,832,236,0.93236953
795,198,818,198,818,234,795,234,0.80360425
370,188,430,188,430,224,370,224,0.8787381
336,184,360,184,360,224,336,224,0.7860214
984,24,1173,24,1173,70,984,70,0.83553576
