458,166,517,166,517,197,458,197,0.82200646
165,166,234,166,234,197,165,197,0.82749456
93,164,155,164,155,196,93,196,0.84525377
22,166,84,166,84,191,22,191,0.8807756
398,164,452,164,452,192,398,192,0.86315733
313,164,362,164,362,192,313,192,0.8517314
273,163,307,163,307,193,273,193,0.86685085
368,163,393,163,393,192,368,192,0.82646286
244,164,267,164,267,193,244,193,0.79521763
581,133,630,133,630,162,581,162,0.8822694
184,133,251,133,251,158,184,158,0.8469226
22,131,103,133,102,160,21,157,0.8327539
390,131,454,131,454,162,390,162,0.87544745
311,132,382,129,383,156,312,159,0.78555566
258,130,305,134,303,164,255,160,0.80697113
111,132,176,132,176,157,111,157,0.87498605
511,128,576,131,574,164,509,160,0.83332604
462,130,503,130,503,158,462,158,0.85282505
446,98,497,98,497,126,446,126,0.89221007
196,98,245,98,245,126,196,126,0.8710133
111,97,188,97,188,127,111,127,0.82610965
22,100,67,100,67,122,22,122,0.85841066
650,98,692,98,692,122,650,122,0.8543965
594,97,643,97,643,126,594,126,0.86113554
506,96,585,96,585,127,506,127,0.80673397
390,97,439,97,439,126,390,126,0.88377655
320,97,381,97,381,125,320,125,0.8781818
250,96,311,96,311,122,250,122,0.8532045
74,96,105,96,105,122,74,122,0.8319286
179,52,218,52,218,74,179,74,0.80796707
118,46,176,50,175,71,117,68,0.78733945
234,48,259,48,259,70,234,70,0.8051663
102,48,116,48,116,68,102,68,0.6639969
