1630,1966,1881,1966,1881,2020,1630,2020,0.6892849
1549,1961,1617,1961,1617,2033,1549,2033,0.79451203
1369,1728,1480,1728,1480,1787,1369,1787,0.87423277
1490,1718,1589,1718,1589,1779,1490,1779,0.88444155
1264,1718,1356,1718,1356,1779,1264,1779,0.88292336
1600,1649,1699,1649,1699,1697,1600,1697,0.8685182
1523,1649,1589,1649,1589,1700,1523,1700,0.88789004
1292,1638,1412,1638,1412,1697,1292,1697,0.91686034
1424,1636,1513,1636,1513,1700,1424,1700,0.84659606
1158,1631,1280,1631,1280,1697,1158,1697,0.91683644
1325,1567,1414,1567,1414,1628,1325,1628,0.863756
1143,1561,1238,1568,1234,1619,1139,1612,0.81784797
1521,1556,1630,1556,1630,1618,1521,1618,0.8742067
1640,1554,1716,1554,1716,1620,1640,1620,0.8225573
1424,1551,1513,1551,1513,1626,1424,1626,0.8560036
1247,1554,1320,1554,1320,1620,1247,1620,0.857064
82,698,311,651,337,782,108,829,0.8749062
929,351,1069,351,1069,397,929,397,0.89253193
1196,348,1267,348,1267,399,1196,399,0.8877687
1087,340,1186,340,1186,399,1087,399,0.87273914
1099,266,1186,266,1186,328,1099,328,0.8408389
906,266,995,266,995,328,906,328,0.9046698
1193,264,1287,264,1287,325,1193,325,0.8014868
1003,256,1089,256,1089,320,1003,320,0.8924463
1003,187,1089,187,1089,238,1003,238,0.8468662
1102,177,1237,177,1237,243,1102,243,0.9106396
871,174,993,174,993,241,871,241,0.85670316
1239,176,1334,167,1340,242,1246,250,0.8137846
929,100,1021,100,1021,159,929,159,0.81478137
1160,95,1262,95,1262,156,1160,156,0.8639394
1031,89,1149,96,1145,157,1027,150,0.8103167
