543,922,639,922,639,938,543,938,0.7710859
513,919,538,919,538,942,513,942,0.8348773
330,706,364,706,364,725,330,725,0.80866104
368,702,413,702,413,725,368,725,0.84876734
287,702,329,702,329,725,287,725,0.82578844
215,702,253,702,253,726,215,726,0.86193174
257,701,284,701,284,726,257,726,0.8508022
275,676,299,676,299,697,275,697,0.84158325
303,672,367,672,367,694,303,694,0.85340756
197,674,218,674,218,696,197,696,0.7439673
221,672,269,672,269,695,221,695,0.861203
412,671,433,671,433,695,412,695,0.8599805
373,667,409,667,409,696,373,696,0.8446287
391,646,411,646,411,662,391,662,0.794467
315,643,352,643,352,667,315,667,0.86856663
216,642,246,642,246,666,216,666,0.8012055
356,640,388,640,388,664,356,664,0.8296936
285,640,313,640,313,665,285,665,0.8488087
249,640,282,640,282,665,249,665,0.8255858
464,404,524,404,524,431,464,431,0.86441714
366,404,427,404,427,430,366,430,0.8674108
432,403,459,403,459,430,432,430,0.82295835
230,386,280,386,280,409,230,409,0.8644467
196,380,226,380,226,415,196,415,0.84894156
350,374,387,374,387,397,350,397,0.79595566
487,374,508,374,508,396,487,396,0.8312432
421,371,482,371,482,396,421,396,0.8360119
511,371,539,371,539,396,511,396,0.86256105
391,370,417,370,417,397,391,397,0.81144404
198,347,224,347,224,373,198,373,0.77714723
168,347,195,347,195,373,168,373,0.81352156
230,343,306,343,306,373,230,373,0.894141
379,334,502,334,502,362,379,362,0.8999271
460,101,508,101,508,122,460,122,0.8820762
422,100,456,100,456,122,422,122,0.9253529
355,73,388,73,388,92,355,92,0.84107494
457,72,485,72,485,91,457,91,0.8810289
546,70,577,70,577,95,546,95,0.9063993
395,68,425,68,425,92,395,92,0.8766817
491,66,541,66,541,92,491,92,0.89813495
429,67,454,67,454,92,429,92,0.8292088
221,62,255,65,253,84,219,81,0.74203813
199,65,216,65,216,82,199,82,0.8864471
123,61,154,61,154,86,123,86,0.8258762
86,61,120,61,120,84,86,84,0.8058413
158,59,193,59,193,83,158,83,0.8187235
32,60,56,60,56,83,32,83,0.77269816
59,59,82,59,82,82,59,82,0.8612563
520,38,573,38,573,61,520,61,0.8349807
398,38,447,38,447,61,398,61,0.8199793
357,38,393,38,393,64,357,64,0.84493047
454,37,488,37,488,61,454,61,0.90433
493,37,515,37,515,62,493,62,0.75896174
152,35,196,35,196,52,152,52,0.900049
54,34,89,34,89,53,54,53,0.7880356
93,30,146,30,146,53,93,53,0.8203892
199,25,234,25,234,55,199,55,0.82356036
