99,1149,128,1149,128,1160,99,1160,0.5518152
158,1134,172,1134,172,1148,158,1148,0.5303368
96,1128,158,1128,158,1149,96,1149,0.6037547
30,1115,79,1111,80,1129,31,1133,0.68083096
304,973,576,973,576,1064,304,1064,0.8965659
736,974,957,970,959,1063,738,1067,0.9061356
18,970,285,970,285,1052,18,1052,0.9368241
963,956,1072,956,1072,1059,963,1059,0.8821603
1029,261,1179,261,1179,286,1029,286,0.7840713
973,258,1026,258,1026,288,973,288,0.8530377
915,258,970,258,970,286,915,286,0.82667243
250,141,342,141,342,210,250,210,0.93249804
531,126,693,126,693,210,531,210,0.9490621
710,121,939,115,941,208,713,214,0.88173145
359,113,521,118,519,212,356,208,0.89857686
374,38,518,38,518,105,374,105,0.9244062
530,22,664,22,664,106,530,106,0.9179719
680,18,825,18,825,106,680,106,0.90899694
