333,436,371,436,371,448,333,448,0.75607634
233,406,321,406,321,448,233,448,0.9095741
47,402,148,402,148,454,47,454,0.9126317
161,404,220,402,222,448,162,450,0.89506567
546,338,685,340,684,390,545,387,0.8758309
799,339,906,339,906,383,799,383,0.8811431
702,339,783,339,783,384,702,384,0.8973105
298,336,371,336,371,393,298,393,0.89778334
146,338,217,338,217,384,146,384,0.91171026
471,337,532,337,532,385,471,385,0.9263293
378,341,411,340,413,383,380,384,0.8708606
917,337,963,336,965,391,919,392,0.895754
227,338,286,336,288,383,229,385,0.870845
973,335,1033,335,1033,384,973,384,0.9326702
421,337,463,337,463,384,421,384,0.88371456
47,333,134,335,133,383,46,381,0.9087069
130,287,257,287,257,323,130,323,0.9258731
388,285,470,285,470,316,388,316,0.91560984
681,273,765,273,765,327,681,327,0.87450373
488,275,600,275,600,317,488,317,0.9303339
875,273,977,273,977,318,875,318,0.9141561
615,274,669,274,669,317,615,317,0.912923
776,269,862,269,862,327,776,327,0.88935065
47,272,115,272,115,318,47,318,0.91367024
985,273,1026,271,1029,320,988,322,0.8433746
274,267,377,272,374,327,271,322,0.9113725
250,118,440,115,440,155,250,158,0.84558165
250,53,474,55,474,92,250,90,0.85897887
489,47,644,51,643,99,488,95,0.8256597
