39,212,231,212,231,224,39,224,0.54433405
174,190,236,189,237,210,174,211,0.7247243
26,189,169,189,169,211,26,211,0.65771514
17,128,78,128,78,159,17,159,0.94260925
120,66,176,66,176,107,120,107,0.8881493
184,64,250,64,250,107,184,107,0.8972135
70,67,113,67,113,101,70,101,0.9055859
258,62,334,62,334,99,258,99,0.8765951
17,65,63,65,63,99,17,99,0.9172127
83,20,181,17,182,54,85,57,0.8868367
560,18,628,18,628,57,560,57,0.89320624
192,18,258,16,260,56,194,58,0.8747042
633,19,688,16,690,56,635,59,0.8877702
268,18,332,18,332,52,268,52,0.91175765
17,18,75,18,75,52,17,52,0.91318715
495,17,552,17,552,52,495,52,0.9338312
423,15,479,17,477,59,422,56,0.8653117
340,18,385,18,385,52,340,52,0.9046574
394,18,417,18,417,52,394,52,0.8083061
