603,556,658,609,633,635,578,583,0.8372663
787,523,811,523,811,554,787,554,0.74300504
393,513,469,529,461,565,385,549,0.7847651
66,486,172,486,172,526,66,526,0.8644556
192,486,307,486,307,520,192,520,0.8982705
745,476,917,476,917,497,745,497,0.8121149
280,270,396,269,396,290,280,292,0.6223239
57,262,172,258,173,280,58,283,0.7580293
348,96,450,96,450,140,348,140,0.91934407
262,98,332,98,332,136,262,136,0.87426186
183,99,249,96,251,134,185,137,0.82200736
700,93,858,96,858,135,699,132,0.87093246
468,96,590,93,591,133,469,136,0.88902164
91,94,170,94,170,136,91,136,0.92641383
607,92,684,88,686,134,609,137,0.902549
300,53,379,53,379,89,300,89,0.91487795
398,54,487,54,487,80,398,80,0.92228335
509,43,644,43,644,86,509,86,0.83930254
