348,459,408,459,408,489,348,489,0.8892182
228,458,306,458,306,487,228,487,0.8815671
412,458,434,458,434,497,412,497,0.8489124
313,458,342,458,342,489,313,489,0.9039677
322,423,378,423,378,447,322,447,0.8929694
386,417,448,417,448,447,386,447,0.9059241
263,417,315,417,315,447,263,447,0.8951175
519,417,566,417,566,446,519,446,0.9356096
456,414,510,414,510,447,456,447,0.9058794
228,416,257,416,257,447,228,447,0.9057215
449,381,509,381,509,410,449,410,0.8794686
331,375,394,375,394,404,331,404,0.8900767
228,375,278,375,278,405,228,405,0.8764978
568,374,620,374,620,402,568,402,0.908639
514,372,561,372,561,404,514,404,0.88235176
400,374,442,374,442,404,400,404,0.9131394
285,374,324,374,324,404,285,404,0.90541375
56,279,174,280,173,306,56,304,0.90011203
348,277,411,277,411,307,348,307,0.90288615
287,274,342,276,341,315,285,312,0.8267212
223,274,282,274,282,314,223,314,0.838916
184,275,218,275,218,308,184,308,0.88249385
227,180,313,173,316,208,230,215,0.851623
325,177,410,179,409,205,325,204,0.85958946
516,140,569,142,568,164,515,162,0.8605471
316,133,411,137,409,171,314,167,0.8656199
418,135,472,135,472,163,418,163,0.9323656
228,135,305,133,306,162,228,164,0.8798548
480,134,508,134,508,164,480,164,0.89322776
468,99,515,99,515,121,468,121,0.87275517
328,92,386,92,386,129,328,129,0.9228151
392,94,457,91,459,124,393,127,0.8889282
524,89,592,92,591,128,522,125,0.91857266
275,92,322,92,322,123,275,123,0.8618399
226,92,271,92,271,124,226,124,0.9058474
930,18,1007,21,1006,55,928,52,0.8791026
