607,839,686,839,686,880,607,880,0.87843823
541,839,601,839,601,882,541,882,0.9178152
414,840,532,840,532,875,414,875,0.8187403
748,839,798,839,798,881,748,881,0.86567885
188,835,288,835,288,874,188,874,0.9468393
694,833,740,833,740,876,694,876,0.82409763
299,830,404,830,404,875,299,875,0.86249876
484,604,738,604,738,793,484,793,0.91631085
215,598,458,598,458,792,215,792,0.9346471
572,88,654,88,654,114,572,114,0.9172212
467,88,552,88,552,114,467,114,0.9213919
671,85,713,85,713,121,671,121,0.86766607
250,80,328,80,328,115,250,115,0.8569249
343,79,448,79,448,114,343,114,0.89819366
