53,452,154,445,156,470,55,477,0.8178351
213,304,221,304,221,310,213,310,0.54474086
394,207,462,207,462,233,394,233,0.8515756
494,206,538,203,540,231,495,233,0.8659969
468,206,491,206,491,229,468,229,0.86098224
390,179,432,179,432,204,390,204,0.9219025
468,177,519,177,519,204,468,204,0.8901244
348,176,387,176,387,205,348,205,0.92832214
522,178,539,178,539,200,522,200,0.85283476
309,175,346,175,346,202,309,202,0.8892355
271,175,306,175,306,201,271,201,0.92995834
435,175,463,175,463,202,435,202,0.8616955
435,153,476,153,476,171,435,171,0.9028598
481,150,536,150,536,173,481,173,0.9537823
352,149,394,149,394,171,352,171,0.92010516
397,148,431,148,431,175,397,175,0.8814115
319,147,349,147,349,176,319,176,0.88656634
285,145,317,145,317,173,285,173,0.89283097
