7,987,221,987,221,1064,7,1064,0.6135058
227,979,393,974,396,1079,230,1083,0.8611948
34,574,126,569,128,613,36,618,0.8447772
647,517,776,523,774,567,645,561,0.82208776
158,520,249,520,249,565,158,565,0.8781943
783,518,860,518,860,562,783,562,0.8406959
395,520,448,520,448,560,395,560,0.9334372
309,518,388,518,388,562,309,562,0.8679853
516,518,564,518,564,560,516,560,0.90490645
453,518,508,518,508,560,453,560,0.8922994
256,518,304,518,304,562,256,562,0.83525336
37,516,118,516,118,560,37,560,0.84623206
571,514,639,514,639,560,571,560,0.88855886
123,520,149,520,149,558,123,558,0.739095
312,471,355,471,355,504,312,504,0.8287111
471,466,616,466,616,508,471,508,0.81045234
734,464,823,464,823,509,734,509,0.7985435
626,464,724,464,724,506,626,506,0.867744
173,466,247,466,247,504,173,504,0.88637936
365,464,450,464,450,503,365,503,0.8639821
256,464,307,464,307,504,256,504,0.8671675
111,464,164,464,164,506,111,506,0.8727863
828,462,883,462,883,506,828,506,0.8128536
37,459,108,459,108,504,37,504,0.8361457
229,419,347,419,347,454,229,454,0.8036254
617,415,661,415,661,451,617,451,0.7763727
96,410,218,416,216,456,94,450,0.8161053
513,410,611,410,611,454,513,454,0.8799023
360,412,445,412,445,449,360,449,0.8365338
33,412,89,409,92,453,35,456,0.78244007
722,410,785,410,785,449,722,449,0.9125199
793,401,886,408,882,458,789,452,0.82842463
666,409,717,409,717,451,666,451,0.8354695
451,409,503,409,503,451,451,451,0.8717593
752,356,850,356,850,400,752,400,0.84009916
453,347,573,354,571,403,451,396,0.8477713
267,356,365,356,365,393,267,393,0.8812705
33,355,110,355,110,400,33,400,0.8310642
653,355,740,351,743,396,656,401,0.86220354
581,351,651,351,651,397,581,397,0.8475842
383,353,445,353,445,395,383,395,0.81984764
198,353,259,353,259,395,198,395,0.83501816
114,352,189,347,192,393,117,398,0.82549906
454,297,600,301,598,350,453,346,0.7916258
121,303,229,303,229,338,121,338,0.91036785
35,301,110,301,110,346,35,346,0.8141295
644,298,739,298,739,348,644,348,0.84496355
390,299,446,299,446,341,390,341,0.875959
310,299,382,299,382,340,310,340,0.8312858
800,298,843,298,843,346,800,346,0.843498
742,298,795,298,795,341,742,341,0.84430015
606,299,639,299,639,343,606,343,0.80106926
237,298,302,298,302,341,237,341,0.8162546
450,244,599,244,599,291,450,291,0.8003187
342,243,440,248,438,291,340,287,0.8340969
39,245,258,251,257,284,38,279,0.7728366
694,245,778,245,778,282,694,282,0.87445927
606,245,684,245,684,282,606,282,0.90617234
271,244,334,244,334,293,271,293,0.8219252
775,192,860,192,860,229,775,229,0.83281285
609,190,700,190,700,234,609,234,0.88465893
105,190,196,190,196,232,105,232,0.85344195
705,191,766,186,769,226,708,231,0.8257766
356,189,480,184,482,235,358,239,0.8035441
571,192,601,192,601,229,571,229,0.77392274
262,187,349,187,349,230,262,230,0.8643148
33,188,96,188,96,229,33,229,0.8134953
491,185,563,185,563,230,491,230,0.8598298
204,187,256,187,256,230,204,230,0.81671345
166,103,427,103,427,126,166,126,0.8311857
237,55,432,55,432,77,237,77,0.7828758
159,54,227,54,227,84,159,84,0.7963014
