305,530,316,530,316,543,305,543,0.5275796
206,496,301,498,300,552,204,550,0.8975975
321,496,389,498,387,548,320,546,0.9182111
391,498,436,498,436,544,391,544,0.8966272
161,498,199,495,202,543,165,546,0.88838744
184,99,191,99,191,107,184,107,0.6259982
184,82,190,82,190,89,184,89,0.54380673
242,68,329,68,329,117,242,117,0.9093215
385,63,471,66,469,118,384,116,0.8977497
334,67,382,67,382,111,334,111,0.8999544
131,65,178,65,178,118,131,118,0.9044145
195,66,236,66,236,110,195,110,0.91720265
512,8,588,11,586,45,510,42,0.8980681
