260,929,305,929,305,947,260,947,0.91032493
426,923,466,923,466,953,426,953,0.89685726
309,923,361,923,361,949,309,949,0.7790915
204,920,255,923,253,951,202,948,0.8314724
143,920,198,920,198,953,143,953,0.83496696
50,920,95,920,95,955,50,955,0.8006107
366,920,420,920,420,948,366,948,0.85357785
100,920,138,920,138,949,100,949,0.8932541
245,589,332,592,331,617,244,614,0.840314
186,590,236,590,236,617,186,617,0.8538601
314,275,377,275,377,300,314,300,0.85209733
136,276,200,276,200,298,136,298,0.9072874
62,275,128,275,128,300,62,300,0.8615368
259,274,308,274,308,300,259,300,0.8715537
207,278,216,278,216,299,207,299,0.54318094
432,269,481,273,479,305,430,302,0.8632654
384,272,427,272,427,300,384,300,0.84805197
221,274,254,274,254,300,221,300,0.8141129
41,271,55,271,55,299,41,299,0.74235326
