374,880,455,880,455,940,374,940,0.89400303
472,873,552,870,554,939,474,941,0.8916316
627,828,741,828,741,866,627,866,0.9262076
528,817,610,817,610,882,528,882,0.84939194
260,815,412,815,412,875,260,875,0.92645615
431,811,513,811,513,869,431,869,0.89555794
73,808,236,808,236,864,73,864,0.9620319
761,806,859,806,859,868,761,868,0.9232819
35,782,74,782,74,796,35,796,0.80354756
109,781,132,781,132,794,109,794,0.61871684
440,114,474,114,474,127,440,127,0.7788394
852,112,900,112,900,125,852,125,0.7832892
31,112,78,112,78,125,31,125,0.7272927
454,26,583,26,583,74,454,74,0.9086988
295,18,431,25,428,87,292,81,0.8876576
704,18,819,21,817,84,702,81,0.89086974
189,22,273,22,273,74,189,74,0.91219914
107,22,175,22,175,77,107,77,0.8628327
599,19,686,19,686,76,599,76,0.9104172
