74,900,202,903,201,928,73,925,0.7306119
37,900,65,900,65,940,37,940,0.5283805
181,719,235,719,235,751,181,751,0.8941064
93,713,175,719,173,755,91,749,0.82358676
116,679,167,679,167,707,116,707,0.8698568
173,678,212,678,212,707,173,707,0.87220436
161,636,210,636,210,668,161,668,0.8678854
117,637,157,637,157,667,117,667,0.81343365
511,104,553,104,553,127,511,127,0.87660646
445,104,504,104,504,126,445,126,0.9054717
559,103,601,103,601,127,559,127,0.88424623
586,71,631,71,631,100,586,100,0.8713791
512,72,548,72,548,97,512,97,0.8607556
553,71,582,71,582,96,553,96,0.8116566
414,68,467,68,467,95,414,95,0.8440557
473,68,506,68,506,94,473,94,0.8878462
531,42,567,42,567,61,531,61,0.77786905
427,38,485,38,485,66,427,66,0.8471722
492,37,527,37,527,62,492,62,0.83640474
572,35,618,35,618,62,572,62,0.85317475
