1048,1209,1105,1209,1105,1248,1048,1248,0.84846437
437,1209,489,1209,489,1248,437,1248,0.89225274
364,1209,429,1209,429,1246,364,1246,0.8852429
292,1209,356,1209,356,1248,292,1248,0.8539332
986,1201,1045,1201,1045,1248,986,1248,0.89495623
176,1199,283,1199,283,1248,176,1248,0.8828059
912,1200,981,1196,984,1244,916,1249,0.8480146
827,1198,907,1198,907,1250,827,1250,0.8896183
752,782,793,778,795,802,754,807,0.71596897
770,748,822,748,822,770,770,770,0.7239653
820,748,872,744,873,762,822,766,0.767353
702,739,756,739,756,775,702,775,0.80747765
338,695,477,699,475,753,336,749,0.84150606
229,696,318,696,318,752,229,752,0.8881812
709,691,780,687,782,729,712,733,0.7862103
964,575,1063,575,1063,611,964,611,0.8215136
369,575,468,575,468,611,369,611,0.8237038
193,567,281,567,281,616,193,616,0.8820519
285,566,358,562,362,614,289,618,0.8628105
868,562,956,562,956,614,868,614,0.9023855
