458,548,482,548,482,563,458,563,0.8875904
422,543,454,543,454,570,422,570,0.8491858
519,541,556,547,552,570,516,564,0.8546041
389,543,422,543,422,565,389,565,0.8471336
488,541,513,541,513,563,488,563,0.92585737
467,513,495,513,495,531,467,531,0.8050987
528,508,565,511,563,533,527,530,0.86210984
444,510,467,510,467,532,444,532,0.82805365
497,509,524,509,524,531,497,531,0.84405494
406,501,447,508,441,538,401,531,0.83332944
429,299,472,299,472,323,429,323,0.8685977
113,280,147,280,147,306,113,306,0.85907114
432,264,476,264,476,286,432,286,0.88465893
111,234,144,234,144,267,111,267,0.85162216
431,225,471,225,471,251,431,251,0.8451385
477,228,485,228,485,250,477,250,0.62842196
105,193,154,193,154,225,105,225,0.8962187
431,188,477,188,477,214,431,214,0.8701632
318,84,371,84,371,124,318,124,0.9229864
75,85,159,85,159,117,75,117,0.8968243
379,80,447,80,447,118,379,118,0.90974444
453,80,485,80,485,118,453,118,0.92610097
227,80,263,80,263,118,227,118,0.8582548
24,78,67,78,67,118,24,118,0.8818639
169,76,220,76,220,118,169,118,0.9296191
269,75,307,75,307,119,269,119,0.8743842
536,79,550,79,550,115,536,115,0.74383855
490,74,528,73,530,117,491,119,0.87108237
244,24,296,24,296,63,244,63,0.9195537
303,18,366,18,366,63,303,63,0.9185577
374,18,442,18,442,58,374,58,0.91217
188,19,236,19,236,56,188,56,0.9246443
106,18,143,18,143,56,106,56,0.89519936
48,13,101,13,101,58,48,58,0.91917974
498,10,568,13,566,48,497,44,0.74593383
148,14,183,14,183,57,148,57,0.86137134
