580,1667,708,1738,685,1780,557,1709,0.66914445
172,1644,299,1715,276,1758,149,1686,0.77845365
454,1588,573,1662,547,1703,429,1629,0.8070844
61,1562,167,1631,135,1682,29,1614,0.7174427
395,1545,449,1580,419,1628,365,1593,0.7983325
345,1510,390,1539,360,1587,315,1557,0.77672684
230,1443,335,1506,303,1562,198,1499,0.8358449
16,1435,125,1488,100,1540,0,1487,0.7213129
991,1408,1098,1483,1072,1522,965,1447,0.7626282
107,1375,218,1449,189,1493,79,1418,0.8139694
918,1355,986,1402,958,1442,890,1395,0.79641896
40,1330,101,1372,76,1409,16,1367,0.7292266
867,1321,912,1350,886,1393,841,1363,0.74169147
772,1260,859,1321,832,1361,745,1300,0.8355348
618,1250,726,1323,704,1356,596,1283,0.8116007
706,1222,762,1262,738,1297,681,1257,0.7652869
548,1193,614,1238,587,1280,521,1235,0.798759
639,1166,706,1210,680,1249,614,1205,0.80556977
103,1142,235,1232,197,1290,64,1200,0.81612664
467,1142,539,1189,509,1236,437,1190,0.79520786
543,1098,633,1161,605,1201,516,1137,0.84285045
395,1090,465,1138,437,1179,367,1131,0.7890122
822,1070,885,1116,850,1165,787,1119,0.7563621
15,1059,102,1128,60,1181,0,1113,0.7102596
470,1046,539,1096,507,1141,438,1091,0.783224
307,1032,387,1087,360,1128,279,1074,0.79090065
728,1012,813,1063,784,1113,699,1062,0.7665928
223,979,301,1023,276,1068,198,1024,0.75405455
359,976,455,1047,424,1091,328,1020,0.8202154
1238,966,1337,989,1324,1050,1224,1027,0.7478794
641,943,729,1006,693,1057,605,994,0.76249707
1146,946,1230,969,1214,1026,1131,1003,0.7174459
145,927,218,975,192,1016,119,968,0.826281
277,912,354,972,322,1015,244,955,0.76950663
82,881,139,919,112,962,54,924,0.63168603
551,858,649,957,591,1016,493,917,0.80400395
191,863,266,910,240,953,165,905,0.7803518
1032,813,1311,889,1292,961,1013,885,0.72668564
136,816,190,856,157,901,103,862,0.70772135
949,807,1015,822,1003,877,937,862,0.75772864
1199,761,1331,794,1316,859,1184,826,0.7505462
1042,717,1186,749,1171,814,1028,782,0.84448075
969,704,1032,720,1017,780,954,764,0.7265312
262,661,519,831,483,888,226,717,0.8275652
1172,652,1338,692,1326,754,1158,715,0.7970147
1281,592,1336,592,1336,656,1281,656,0.6944496
1146,550,1278,582,1265,638,1133,606,0.7455249
1232,388,1309,408,1295,464,1217,444,0.8217629
