714,864,810,864,810,891,714,891,0.8420116
324,716,378,716,378,738,324,738,0.81792146
274,712,315,712,315,738,274,738,0.88742775
64,706,128,711,125,744,61,739,0.8794718
202,708,267,708,267,739,202,739,0.84997183
135,707,192,707,192,743,135,743,0.88137174
388,704,478,704,478,735,388,735,0.87341154
108,639,181,639,181,667,108,667,0.925079
300,638,359,638,359,662,300,662,0.86099905
191,629,266,637,262,669,188,662,0.82861626
63,629,101,629,101,663,63,663,0.88549143
271,630,294,630,294,662,271,662,0.80064493
750,572,789,572,789,599,750,599,0.8317388
716,574,746,574,746,595,716,595,0.86467874
696,466,753,466,753,496,696,496,0.8758641
234,463,341,463,341,496,234,496,0.8703039
417,462,476,462,476,497,417,497,0.92885804
579,462,640,462,640,493,579,493,0.827176
351,461,410,461,410,491,351,491,0.8693457
486,457,569,457,569,496,486,496,0.9303625
647,454,691,454,691,493,647,493,0.8696427
296,423,380,423,380,448,296,448,0.7982864
390,423,449,423,449,447,390,447,0.84967554
232,424,287,424,287,446,232,446,0.87757903
648,414,712,414,712,453,648,453,0.87702847
519,413,594,416,593,453,517,450,0.8897689
602,415,644,415,644,447,602,447,0.90655375
454,414,510,414,510,452,454,452,0.88743925
662,376,728,376,728,404,662,404,0.81503594
518,377,567,377,567,407,518,407,0.86290205
231,377,307,377,307,405,231,405,0.85238
317,371,397,375,395,408,316,404,0.79937166
573,369,612,369,612,402,573,402,0.86591935
404,368,464,368,464,402,404,402,0.84391487
615,368,656,368,656,401,615,401,0.86944366
469,362,512,362,512,402,469,402,0.9263872
480,331,536,331,536,361,480,361,0.8579541
277,329,335,329,335,363,277,363,0.7976719
646,322,723,325,721,364,644,361,0.87369406
578,325,639,325,639,361,578,361,0.8918042
399,326,472,326,472,355,399,355,0.8423042
542,323,570,323,570,358,542,358,0.8783702
230,318,274,318,274,356,230,356,0.90116775
600,280,674,280,674,314,600,314,0.893921
482,279,558,279,558,317,482,317,0.8797274
384,278,476,281,475,317,383,314,0.83040315
302,280,376,280,376,310,302,310,0.8871049
231,280,294,280,294,311,231,311,0.8598989
683,279,737,279,737,310,683,310,0.89345884
564,278,594,278,594,312,564,312,0.8180669
457,219,497,219,497,239,457,239,0.78308296
329,213,392,216,391,237,328,235,0.78191584
400,215,451,215,451,236,400,236,0.77469677
359,189,465,193,464,212,359,209,0.75313735
388,114,434,114,434,141,388,141,0.70092416
61,41,94,41,94,69,61,69,0.58754444
