508,653,579,653,579,696,508,696,0.9161163
326,650,399,650,399,697,326,697,0.9101218
220,648,316,650,315,696,219,694,0.8885032
406,644,502,644,502,707,406,707,0.8690973
393,578,523,580,522,634,392,632,0.9181347
533,580,611,580,611,626,533,626,0.9382478
315,578,385,578,385,627,315,627,0.9020981
207,579,260,579,260,627,207,627,0.919468
267,578,309,578,309,635,267,635,0.9245674
103,572,201,574,200,627,102,625,0.92305064
619,574,697,574,697,626,619,626,0.9151709
202,90,356,90,356,152,202,152,0.92746675
596,94,672,94,672,142,596,142,0.9319924
367,92,494,88,496,148,369,152,0.90593046
504,90,589,90,589,153,504,153,0.88265556
126,88,192,88,192,153,126,153,0.91013384
