321,919,355,922,353,940,319,937,0.7119981
279,918,317,918,317,942,279,942,0.72103053
208,855,244,841,256,872,220,886,0.5007292
179,626,192,626,192,635,179,635,0.55530924
569,618,601,618,601,637,569,637,0.8058231
452,618,493,618,493,635,452,635,0.8337315
380,620,389,620,389,635,380,635,0.6764382
139,618,172,618,172,637,139,637,0.8778138
550,618,568,618,568,635,550,635,0.7117961
498,617,546,617,546,635,498,635,0.75255275
347,617,376,617,376,636,347,636,0.75531685
310,617,335,617,335,636,310,636,0.75185436
258,617,282,617,282,636,258,636,0.7671301
107,617,135,617,135,636,107,636,0.77955496
418,616,448,616,448,635,418,635,0.836559
284,616,309,616,309,636,284,636,0.7505128
237,617,255,617,255,635,237,635,0.8038857
197,616,231,616,231,635,197,635,0.79429644
84,616,106,616,106,636,84,636,0.7826558
392,614,414,614,414,637,392,637,0.7482372
57,614,81,614,81,636,57,636,0.7310499
399,598,445,598,445,616,399,616,0.8022258
510,596,551,596,551,614,510,614,0.81532335
478,596,506,596,506,616,478,616,0.8750597
376,599,388,599,388,612,376,612,0.59420043
340,596,374,596,374,614,340,614,0.7899155
301,596,338,596,338,616,301,616,0.8131156
286,599,296,599,296,612,286,612,0.67022437
231,596,263,596,263,616,231,616,0.8119484
114,596,189,596,189,613,114,613,0.7842331
555,595,587,595,587,613,555,613,0.76067716
268,596,282,596,282,613,268,613,0.8456731
195,596,228,596,228,612,195,612,0.8246317
58,595,107,595,107,612,58,612,0.761108
448,594,474,594,474,613,448,613,0.8632081
375,535,461,518,468,554,381,571,0.7872175
272,82,292,86,290,102,269,98,0.73393255
83,83,113,83,113,101,83,101,0.82849765
297,82,328,82,328,100,297,100,0.82486594
213,78,267,81,266,102,212,99,0.77675474
165,82,201,82,201,98,165,98,0.8641017
15,81,77,78,78,98,16,101,0.81750494
117,77,151,77,151,100,117,100,0.7693309
330,58,366,58,366,74,330,74,0.8326247
184,56,217,56,217,80,184,80,0.7508459
296,56,327,56,327,76,296,76,0.8174232
249,55,293,55,293,77,249,77,0.9078255
217,56,244,56,244,77,217,77,0.82574666
117,59,127,59,127,74,117,74,0.602292
81,56,113,56,113,76,81,76,0.81379735
52,56,78,56,78,76,52,76,0.79845166
17,55,51,55,51,78,17,78,0.78444886
146,54,183,54,183,78,146,78,0.8453625
130,53,145,56,141,76,127,74,0.6140452
480,34,509,34,509,53,480,53,0.83047557
427,34,474,34,474,52,427,52,0.8732956
300,34,341,34,341,52,300,52,0.8466889
122,34,153,34,153,55,122,55,0.7502745
560,30,595,33,593,54,558,51,0.7986946
346,31,387,31,387,53,346,53,0.8308976
17,32,47,32,47,50,17,50,0.79351604
539,32,556,32,556,50,539,50,0.76189953
391,31,421,31,421,50,391,50,0.79477197
245,31,295,31,295,49,245,49,0.7950304
222,31,243,31,243,52,222,52,0.73401415
185,30,220,30,220,54,185,54,0.80894864
81,30,118,30,118,54,81,54,0.818584
48,30,80,30,80,55,48,55,0.5849973
512,30,537,30,537,52,512,52,0.7255154
155,30,182,30,182,50,155,50,0.8321509
120,13,156,13,156,25,120,25,0.8397368
254,13,264,13,264,25,254,25,0.61415815
266,11,305,8,306,26,268,29,0.7883976
218,10,250,10,250,29,218,29,0.838561
162,10,212,10,212,28,162,28,0.8014769
64,12,74,12,74,25,64,25,0.60631424
16,8,61,11,59,29,15,26,0.7684322
406,7,441,7,441,30,406,30,0.8347142
348,6,404,9,403,30,347,27,0.7978583
312,8,343,8,343,28,312,28,0.8356102
73,10,92,10,92,25,73,25,0.78600705
570,7,596,7,596,26,570,26,0.80699056
532,7,569,7,569,26,532,26,0.7815137
471,6,509,6,509,29,471,29,0.85517025
445,7,469,7,469,28,445,28,0.76156634
93,7,117,7,117,26,93,26,0.76479936
511,5,531,5,531,28,511,28,0.75457823
