376,870,622,870,622,940,376,940,0.8070258
202,702,344,702,344,758,202,758,0.904186
652,702,810,702,810,747,652,747,0.8785648
433,701,519,695,524,757,437,764,0.90013915
536,699,639,699,639,751,536,751,0.8933842
358,699,424,699,424,751,358,751,0.9357012
591,629,730,629,730,674,591,674,0.8822198
372,624,467,621,469,686,374,689,0.8982798
744,619,876,631,871,686,739,674,0.87516737
206,625,279,625,279,675,206,675,0.89495325
288,622,364,622,364,678,288,678,0.89896643
124,621,200,621,200,678,124,678,0.8978976
474,618,575,618,575,675,474,675,0.908795
546,142,649,138,650,178,547,182,0.8604001
662,126,771,131,768,188,659,183,0.862036
435,126,538,129,536,193,433,189,0.89355665
312,126,426,126,426,188,312,188,0.89849186
227,122,303,126,301,182,224,178,0.89452994
