399,925,599,925,599,978,399,978,0.86470103
396,670,514,670,514,711,396,711,0.88836044
611,668,702,668,702,714,611,714,0.879714
529,669,601,669,601,714,529,714,0.9051549
283,666,381,671,378,713,281,708,0.89674824
771,669,830,669,830,708,771,708,0.8971558
709,668,762,668,762,708,709,708,0.88719046
170,665,270,665,270,706,170,706,0.83962137
446,618,591,618,591,658,446,658,0.8696084
231,617,338,622,336,658,230,653,0.8725338
679,615,769,615,769,651,679,651,0.8307901
348,610,436,613,434,660,346,657,0.8681649
602,611,670,611,670,655,602,655,0.8858671
708,558,805,562,804,603,707,600,0.82973
481,559,610,559,610,602,481,602,0.88191926
621,559,700,559,700,602,621,602,0.8996916
392,556,474,556,474,605,392,605,0.87322295
194,556,296,556,296,596,194,596,0.89912313
308,555,382,555,382,598,308,598,0.8843698
372,341,502,279,519,314,389,376,0.7995306
364,300,473,247,492,287,383,339,0.84215546
