27,1130,208,1130,208,1172,27,1172,0.8709964
450,972,580,972,580,1032,450,1032,0.88362515
303,972,433,969,434,1017,304,1020,0.87467664
591,972,669,972,669,1020,591,1020,0.86068463
239,971,290,968,295,1031,244,1034,0.8729484
716,906,861,909,860,959,715,955,0.880851
237,910,287,905,292,954,243,960,0.8176192
875,895,1048,902,1045,961,872,953,0.828953
304,900,466,900,466,954,304,954,0.8897526
596,900,704,900,704,950,596,950,0.87541354
483,894,585,894,585,951,483,951,0.90487844
890,758,1034,758,1034,801,890,801,0.86600006
738,758,870,758,870,801,738,801,0.95858306
244,755,364,755,364,804,244,804,0.85674906
632,753,723,753,723,804,632,804,0.9405143
554,753,622,753,622,804,554,804,0.8968868
450,752,543,752,543,804,450,804,0.9039482
375,752,440,752,440,804,375,804,0.8759408
242,694,290,694,290,732,242,732,0.8932155
806,682,968,682,968,741,806,741,0.86833876
414,684,528,684,528,734,414,734,0.92998654
699,682,794,682,794,734,699,734,0.8857325
300,680,403,685,401,734,298,730,0.86910844
542,677,612,677,612,735,542,735,0.89920443
621,675,690,675,690,735,621,735,0.87674516
784,540,886,536,889,595,786,599,0.85848147
450,540,547,540,547,589,450,589,0.91018635
900,538,1008,538,1008,588,900,588,0.89839166
310,538,436,538,436,588,310,588,0.8647859
630,536,708,536,708,591,630,591,0.8808444
716,536,776,536,776,591,716,591,0.8614441
554,534,622,534,622,591,554,591,0.8386074
240,536,292,536,292,592,240,592,0.8092865
402,339,594,339,594,422,402,422,0.9464768
620,333,814,333,814,408,620,408,0.92237777
682,267,878,267,878,309,682,309,0.85022193
567,262,663,262,663,322,567,322,0.8906719
404,250,550,250,550,312,404,312,0.9260037
238,183,364,176,377,399,251,406,0.8047966
747,186,864,186,864,243,747,243,0.8942005
883,177,1041,177,1041,236,883,236,0.88703775
555,172,724,172,724,232,555,232,0.87881696
399,170,538,170,538,236,399,236,0.9089022
