185,242,259,230,266,275,192,287,0.86237127
262,231,301,222,310,259,270,268,0.84335315
652,201,696,212,687,247,643,235,0.8511372
120,199,171,189,179,229,128,239,0.88439775
584,184,649,201,641,233,576,216,0.8356917
178,190,235,180,241,219,184,228,0.8867158
243,182,304,174,309,216,248,224,0.8533084
704,169,763,184,754,220,695,205,0.8530274
310,176,349,168,355,199,316,207,0.8275245
661,163,699,171,693,202,654,194,0.8639312
608,147,659,160,650,198,599,185,0.8433187
534,130,604,148,596,183,525,165,0.86270756
153,44,213,44,213,70,153,70,0.87276804
747,36,808,36,808,74,747,74,0.84591806
677,35,738,35,738,76,677,76,0.87934613
576,34,670,34,670,76,576,76,0.8373372
506,36,565,36,565,69,506,69,0.843805
415,33,500,36,498,78,413,76,0.8792456
295,35,357,35,357,71,295,71,0.85592073
43,36,96,36,96,69,43,69,0.92527336
365,35,407,35,407,70,365,70,0.917931
104,35,145,35,145,71,104,71,0.85714537
222,31,286,31,286,71,222,71,0.88997775
