396,922,600,922,600,979,396,979,0.8534925
694,608,796,608,796,654,694,654,0.87599075
556,609,679,606,680,651,557,654,0.8590043
201,604,297,604,297,655,201,655,0.85183406
400,605,481,605,481,646,400,646,0.9392002
309,605,389,605,389,648,309,648,0.881607
492,605,546,605,546,649,492,649,0.87867934
714,546,809,546,809,594,714,594,0.9021228
405,546,494,546,494,595,405,595,0.90439767
189,546,274,546,274,594,189,594,0.9388981
501,545,591,545,591,594,501,594,0.89454013
601,542,704,542,704,590,601,590,0.85751253
340,542,398,542,398,590,340,590,0.85175806
281,541,338,541,338,590,281,590,0.8701123
