647,922,761,922,761,947,647,947,0.73099786
609,919,640,919,640,953,609,953,0.8399503
155,861,182,858,186,898,159,901,0.55659294
243,857,276,853,282,900,248,904,0.6454026
503,557,616,551,618,590,505,596,0.79055387
155,556,330,556,330,588,155,588,0.82710844
641,553,732,553,732,593,641,593,0.8977533
433,551,496,551,496,595,433,595,0.8489866
77,545,147,545,147,592,77,592,0.8532453
122,511,171,511,171,539,122,539,0.8766025
516,508,632,508,632,542,516,542,0.9028484
639,502,722,502,722,546,639,546,0.8918856
273,501,334,505,332,543,271,539,0.85119265
443,503,505,500,508,544,446,548,0.8574088
239,505,264,505,264,539,239,539,0.87942547
69,503,115,503,115,539,69,539,0.89528936
178,499,231,499,231,540,178,540,0.8891304
519,92,712,95,712,129,518,126,0.76987046
139,96,330,96,330,125,139,125,0.840568
445,85,509,85,509,130,445,130,0.8692518
61,85,126,85,126,128,61,128,0.87436414
672,50,728,50,728,82,672,82,0.84511554
50,50,99,50,99,78,50,78,0.8682504
502,47,583,47,583,82,502,82,0.91661197
633,48,669,48,669,78,633,78,0.8864464
106,49,130,49,130,78,106,78,0.80933136
592,46,627,46,627,78,592,78,0.8776766
286,41,347,45,345,81,284,77,0.8553335
136,44,217,40,218,75,137,78,0.8617069
226,43,278,43,278,77,226,77,0.8792183
432,40,494,40,494,78,432,78,0.90418935
