610,235,682,235,682,264,610,264,0.905098
485,237,529,237,529,258,485,258,0.9294332
536,234,605,234,605,260,536,260,0.87251097
228,214,281,218,280,244,226,241,0.8104566
166,215,226,218,225,241,165,239,0.7972493
410,197,468,197,468,231,410,231,0.9024664
649,197,705,197,705,227,649,227,0.8465364
592,197,646,197,646,227,592,227,0.8795071
534,196,586,196,586,227,534,227,0.90906745
472,196,530,196,530,227,472,227,0.878688
364,192,407,192,407,227,364,227,0.88063574
394,149,495,147,496,187,395,189,0.8715927
514,137,679,141,678,190,513,186,0.9087858
