888,1072,1025,1076,1023,1124,887,1120,0.7798604
525,790,624,797,620,860,522,853,0.830697
194,765,331,776,326,853,189,842,0.81083465
478,774,521,774,521,854,478,854,0.67411554
758,752,950,774,940,866,748,844,0.8411213
523,563,607,563,607,649,523,649,0.842459
486,563,516,563,516,639,486,639,0.56822455
758,541,944,551,940,638,754,629,0.81048304
147,541,301,545,298,634,145,629,0.8905105
480,336,637,346,632,429,475,419,0.84466404
187,339,294,347,289,414,182,406,0.7187358
775,328,922,332,920,415,773,411,0.7571805
437,169,541,169,541,224,437,224,0.94819826
173,169,287,169,287,215,173,215,0.9253756
707,167,768,167,768,217,707,217,0.8863303
778,162,889,162,889,215,778,215,0.93718016
558,162,696,162,696,215,558,215,0.8882924
303,162,418,162,418,215,303,215,0.9117319
693,99,840,99,840,141,693,141,0.9179714
527,93,678,93,678,150,527,150,0.85344064
399,90,511,90,511,151,399,151,0.9613599
231,84,382,84,382,143,231,143,0.91005504
323,17,472,17,472,70,323,70,0.85341954
614,17,742,17,742,71,614,71,0.9229343
489,16,595,16,595,70,489,70,0.9523975
758,13,867,17,865,76,756,72,0.8764322
204,16,307,16,307,71,204,71,0.935371
