574,64,651,68,649,106,572,102,0.8405074
314,64,395,67,394,104,313,101,0.88441646
213,69,305,69,305,97,213,97,0.930416
119,63,205,68,203,105,117,99,0.86171776
403,65,458,65,458,105,403,105,0.9119974
515,64,564,64,564,100,515,100,0.9124808
464,62,510,62,510,100,464,100,0.8330244
491,20,555,20,555,60,491,60,0.88136804
254,20,338,20,338,58,254,58,0.84686553
418,19,483,19,483,53,418,53,0.87996036
345,19,387,19,387,53,345,53,0.9047452
210,19,247,19,247,53,210,53,0.88235414
394,21,410,21,410,52,394,52,0.71470284
