274,811,483,808,484,888,276,891,0.9268261
497,808,622,808,622,895,497,895,0.9203863
148,808,259,808,259,893,148,893,0.94071686
679,798,805,801,802,896,676,893,0.9058328
633,801,679,803,674,896,628,893,0.83205277
119,754,209,754,209,794,119,794,0.8594539
772,751,834,754,831,797,770,794,0.8709861
388,748,502,753,500,795,386,790,0.8967408
663,748,761,752,760,791,662,788,0.90491664
221,748,304,748,304,794,221,794,0.86915356
581,749,651,746,653,788,584,791,0.89915234
313,749,374,749,374,792,313,792,0.89846194
514,748,574,748,574,791,514,791,0.923631
793,698,865,701,863,743,791,740,0.8679319
721,698,785,698,785,742,721,742,0.9159355
187,697,299,700,298,740,186,737,0.88415605
85,698,170,698,170,734,85,734,0.8945319
641,693,712,697,710,743,639,740,0.9112973
403,697,492,697,492,733,403,733,0.93309546
308,698,347,698,347,737,308,737,0.864888
571,696,630,696,630,736,571,736,0.9127504
504,695,562,695,562,742,504,742,0.8693756
354,696,392,696,392,737,354,737,0.8730922
504,644,586,644,586,684,504,684,0.90792066
383,647,422,647,422,689,383,689,0.85447323
80,646,133,646,133,684,80,684,0.8763858
431,642,496,642,496,691,431,691,0.8854807
754,642,827,642,827,683,754,683,0.90421873
661,641,744,641,744,688,661,688,0.858673
311,643,374,643,374,682,311,682,0.9350504
175,640,245,644,243,685,173,681,0.890863
596,642,652,642,652,683,596,683,0.891971
254,642,302,642,302,684,254,684,0.886476
834,642,870,642,870,689,834,689,0.85188526
140,642,169,642,169,683,140,683,0.8158765
277,391,337,372,347,406,287,425,0.8748674
338,369,376,356,387,390,349,402,0.83042216
221,356,333,323,346,366,234,400,0.8091647
334,317,394,295,408,334,347,355,0.84754443
346,152,524,152,524,254,346,254,0.9346549
540,148,671,148,671,258,540,258,0.9320997
294,148,342,151,335,254,287,251,0.8214307
598,70,690,67,693,131,601,135,0.895308
420,64,539,64,539,122,420,122,0.9248153
290,63,405,59,407,130,292,134,0.87905437
203,62,280,62,280,125,203,125,0.9347178
700,64,750,61,754,124,704,127,0.8788276
553,62,592,62,592,122,553,122,0.84133506
