454,557,507,557,507,589,454,589,0.8998261
250,558,282,558,282,589,250,589,0.893199
194,556,248,556,248,584,194,584,0.92565477
509,554,562,554,562,584,509,584,0.8975452
324,552,380,554,379,586,323,584,0.9259933
34,554,73,554,73,585,34,585,0.9306051
382,553,424,553,424,585,382,585,0.9096171
284,553,321,553,321,586,284,586,0.9336833
126,554,153,554,153,585,126,585,0.89275557
73,553,123,551,124,584,75,586,0.9012722
425,554,450,552,453,585,427,586,0.8578092
154,549,194,549,194,586,154,586,0.86978304
236,522,285,522,285,552,236,552,0.9079357
181,523,206,523,206,548,181,548,0.8841103
367,521,393,521,393,552,367,552,0.88916904
123,520,177,520,177,548,123,548,0.93007636
398,519,458,519,458,548,398,548,0.89725226
505,516,557,516,557,549,505,549,0.9437761
462,517,503,517,503,549,462,549,0.8969059
289,517,331,517,331,548,289,548,0.9300896
206,518,233,518,233,549,206,549,0.9184824
42,517,81,517,81,550,42,550,0.8941576
82,516,120,516,120,549,82,549,0.9098104
332,515,366,515,366,550,332,550,0.91619205
10,486,58,486,58,516,10,516,0.9378977
487,486,525,486,525,513,487,513,0.9163035
134,485,174,485,174,517,134,517,0.8984426
527,484,589,484,589,514,527,514,0.8638068
381,484,440,484,440,512,381,512,0.92348135
443,482,484,482,484,518,443,518,0.90679634
288,482,326,482,326,514,288,514,0.9171668
176,482,213,482,213,517,176,517,0.9065072
328,480,377,480,377,512,328,512,0.91584444
258,483,284,480,287,512,262,515,0.8494612
215,481,259,481,259,512,215,512,0.90614563
93,480,131,480,131,513,93,513,0.9034408
61,481,91,481,91,514,61,514,0.88031214
364,450,412,450,412,480,364,480,0.9477218
318,449,359,449,359,477,318,477,0.88992983
55,448,115,448,115,475,55,475,0.93832195
456,446,512,446,512,477,456,477,0.9200575
514,444,573,444,573,476,514,476,0.86937904
23,447,52,447,52,476,23,476,0.9330407
289,446,316,446,316,477,289,477,0.8922753
164,444,214,444,214,477,164,477,0.9268386
118,444,162,444,162,478,118,478,0.89348775
416,444,453,444,453,478,416,478,0.8941035
243,444,286,442,288,477,244,479,0.90439117
216,445,243,445,243,476,216,476,0.91213983
256,415,319,415,319,440,256,440,0.92861533
388,412,439,412,439,446,388,446,0.8898951
111,414,151,414,151,441,111,441,0.9120391
323,410,386,410,386,441,323,441,0.90402955
67,410,110,410,110,445,67,445,0.90285355
442,409,497,409,497,441,442,441,0.90878373
152,409,190,409,190,443,152,443,0.8777938
228,410,254,410,254,441,228,441,0.88427067
193,408,227,408,227,442,193,442,0.9089811
498,407,532,407,532,442,498,442,0.8878313
105,377,145,377,145,409,105,409,0.9169124
475,375,534,375,534,404,475,404,0.9270098
187,374,229,374,229,409,187,409,0.92372334
336,374,378,374,378,409,336,409,0.9347278
147,374,184,374,184,409,147,409,0.9258859
416,373,472,373,472,405,416,405,0.91739666
230,374,261,374,261,406,230,406,0.9307106
307,375,332,372,336,404,310,407,0.8667935
263,373,306,371,307,404,264,405,0.8903987
64,372,104,372,104,404,64,404,0.92483306
380,371,414,371,414,406,380,406,0.9173082
