80,900,248,900,248,934,80,934,0.8218398
19,895,70,895,70,943,19,943,0.8515038
808,814,829,808,832,818,811,824,0.5673605
922,796,956,792,958,810,925,814,0.6522555
410,180,474,180,474,233,410,233,0.8716317
482,178,560,178,560,223,482,223,0.92184585
298,168,401,175,397,236,294,229,0.86026746
620,177,743,172,745,220,622,225,0.8771719
570,177,606,175,609,221,573,224,0.86503565
232,155,291,163,282,225,224,217,0.8760825
335,115,419,115,419,150,335,150,0.8671471
432,106,557,106,557,149,432,149,0.9355938
229,101,322,105,320,163,226,159,0.8865688
667,102,750,102,750,152,667,152,0.91278476
575,99,659,103,657,153,573,149,0.9030815
