214,776,295,776,295,806,214,806,0.85171795
708,766,780,769,778,814,706,811,0.887627
567,769,640,769,640,807,567,807,0.928044
472,768,557,768,557,806,472,806,0.9103849
118,766,204,766,204,812,118,812,0.8890853
390,767,462,767,462,806,390,806,0.9591937
647,766,702,766,702,808,647,808,0.873777
307,766,379,766,379,806,307,806,0.90636533
455,721,527,724,526,754,454,751,0.8560665
115,717,237,717,237,757,115,757,0.8731365
251,714,347,717,346,761,249,758,0.9001045
688,712,786,715,784,762,687,759,0.8728489
536,714,585,714,585,762,536,762,0.88166654
360,713,446,713,446,752,360,752,0.8654849
591,711,680,711,680,753,591,753,0.84825665
482,657,629,654,630,702,483,705,0.9257707
266,654,330,654,330,700,266,700,0.92549574
368,650,469,650,469,700,368,700,0.9070628
339,657,360,657,360,699,339,699,0.7739348
686,171,741,171,741,196,686,196,0.88568145
771,166,810,166,810,200,771,200,0.84964067
749,166,768,166,768,195,749,195,0.7493752
640,163,683,163,683,197,640,197,0.831832
772,125,811,125,811,153,772,153,0.93236953
638,123,728,123,728,154,638,154,0.849503
736,123,764,123,764,155,736,155,0.8935734
