436,814,528,814,528,854,436,854,0.90417814
334,814,419,814,419,854,334,854,0.9380005
545,806,637,806,637,857,545,857,0.9093236
385,752,506,752,506,800,385,800,0.95055765
522,749,607,749,607,805,522,805,0.9085942
287,745,370,745,370,804,287,804,0.8946142
225,749,271,747,274,803,227,806,0.84236383
620,743,743,743,743,802,620,802,0.9264596
745,677,923,677,923,701,745,701,0.72195303
108,601,174,599,174,612,108,615,0.6775191
559,434,602,434,602,457,559,457,0.8551993
506,431,551,431,551,458,506,458,0.86913913
452,431,500,431,500,458,452,458,0.8571967
541,404,625,404,625,430,541,430,0.84821814
509,407,534,407,534,432,509,432,0.7555277
431,403,500,403,500,430,431,430,0.8404934
534,284,611,280,612,312,535,315,0.8197109
470,282,528,282,528,310,470,310,0.8199672
490,256,548,256,548,283,490,283,0.8702695
554,253,593,253,593,282,554,282,0.86067784
506,92,612,92,612,151,506,151,0.92266893
240,94,364,94,364,140,240,140,0.9200625
625,90,706,90,706,151,625,151,0.8866887
382,90,490,90,490,143,382,143,0.9027505
416,43,459,46,455,95,412,92,0.8617503
602,38,737,38,737,86,602,86,0.8899108
470,38,584,38,584,86,470,86,0.91614616
207,30,325,27,327,86,209,89,0.8933178
340,30,406,30,406,89,340,89,0.8589728
