256,397,269,401,266,409,254,405,0.52489865
228,383,242,390,239,397,225,390,0.57523793
308,97,370,94,371,119,310,122,0.885171
194,97,221,97,221,119,194,119,0.8541401
24,95,81,93,81,121,25,123,0.9122038
484,92,554,95,553,123,483,120,0.83745205
431,92,477,96,475,124,429,121,0.86410713
256,94,301,94,301,120,256,120,0.8436774
90,92,134,92,134,123,90,123,0.8465679
142,93,188,93,188,120,142,120,0.8893109
379,92,425,94,424,118,378,117,0.8571638
560,92,591,92,591,118,560,118,0.9028863
227,93,248,93,248,118,227,118,0.8629038
495,62,546,64,546,88,494,86,0.8200786
555,62,586,62,586,85,555,85,0.890932
409,62,451,62,451,86,409,86,0.9345182
365,62,399,62,399,85,365,85,0.86148137
135,62,191,62,191,84,135,84,0.87242913
92,62,128,62,128,85,92,85,0.8794379
26,62,82,62,82,85,26,85,0.8957524
198,61,242,61,242,84,198,84,0.89995205
593,61,624,61,624,85,593,85,0.91672724
329,61,359,61,359,85,329,85,0.8714888
286,59,322,59,322,84,286,84,0.9149333
251,57,279,60,276,91,247,88,0.8296706
459,59,488,59,488,84,459,84,0.9089419
16,14,51,14,51,48,16,48,0.8829295
