630,221,733,221,733,264,630,264,0.8674096
743,213,809,213,809,266,743,266,0.8576203
474,213,554,213,554,262,474,262,0.87539226
316,215,398,215,398,253,316,253,0.9052105
821,211,899,211,899,257,821,257,0.8117249
563,213,620,213,620,255,563,255,0.85057324
72,206,182,212,180,264,69,259,0.8491861
407,209,468,209,468,257,407,257,0.87460244
267,213,308,213,308,255,267,255,0.8469546
189,209,257,209,257,257,189,257,0.82491
624,152,706,152,706,207,624,207,0.90174407
534,154,616,154,616,203,534,203,0.88113385
212,154,353,154,353,197,212,197,0.8184827
72,154,201,154,201,197,72,197,0.8297054
778,154,832,154,832,197,778,197,0.841262
838,152,881,152,881,203,838,203,0.83087564
713,152,770,152,770,195,713,195,0.890019
452,150,526,150,526,197,452,197,0.9075061
363,150,444,150,444,197,363,197,0.8557827
242,95,353,95,353,138,242,138,0.8636056
72,95,226,95,226,138,72,138,0.88904506
650,94,749,88,751,141,653,147,0.82802474
585,93,645,93,645,146,585,146,0.78701913
759,84,855,93,851,145,755,137,0.86346614
491,89,579,89,579,144,491,144,0.8548006
363,93,419,93,419,136,363,136,0.8574841
429,91,481,91,481,136,429,136,0.8658018
629,34,743,39,741,82,627,76,0.7712646
152,36,267,36,267,81,152,81,0.8181623
388,32,464,32,464,81,388,81,0.8415744
283,34,374,34,374,73,283,73,0.9145778
70,32,138,32,138,73,70,73,0.87360686
565,30,618,30,618,75,565,75,0.9017897
476,28,554,28,554,77,476,77,0.8384299
