788,758,816,758,816,765,788,765,0.7020018
554,750,599,750,599,777,554,777,0.90502167
393,753,433,753,433,767,393,767,0.8010019
357,754,389,754,389,765,357,765,0.84217983
602,747,646,750,644,777,600,775,0.8271223
817,746,853,746,853,757,817,757,0.7864935
754,746,783,746,783,757,754,757,0.86915594
785,744,816,744,816,758,785,758,0.69597524
362,739,397,739,397,753,362,753,0.7052795
397,738,427,736,429,751,399,753,0.6767806
808,733,838,733,838,744,808,744,0.7393001
769,733,807,733,807,744,769,744,0.70948946
621,719,678,727,674,753,618,745,0.8406296
533,721,568,721,568,745,533,745,0.9033694
571,718,619,718,619,745,571,745,0.8759187
771,716,834,716,834,723,771,723,0.50179935
805,705,844,705,844,716,805,716,0.69456226
763,705,803,705,803,716,763,716,0.70652825
569,685,647,692,645,720,567,713,0.8137481
549,690,566,690,566,709,549,709,0.682672
477,229,519,229,519,247,477,247,0.9013956
428,229,473,229,473,247,428,247,0.8355506
359,229,402,229,402,248,359,248,0.82924265
522,228,560,228,560,246,522,246,0.7861505
405,229,425,229,425,246,405,246,0.82755554
269,228,299,228,299,249,269,249,0.7610571
185,228,222,228,222,247,185,247,0.88439846
145,229,180,229,180,244,145,244,0.88391346
117,229,141,229,141,245,117,245,0.8529135
82,229,114,229,114,246,82,246,0.78528833
58,229,80,229,80,246,58,246,0.77499056
246,228,265,228,265,246,246,246,0.82952684
223,229,241,226,244,246,227,249,0.6786427
328,226,356,226,356,246,328,246,0.8747682
303,227,327,227,327,246,303,246,0.8459916
355,212,403,212,403,226,355,226,0.8220779
260,211,299,211,299,226,260,226,0.81340396
407,209,460,209,460,223,407,223,0.805944
160,208,217,208,217,226,160,226,0.7866311
333,208,353,208,353,225,333,225,0.7981736
303,207,332,207,332,226,303,226,0.7690573
222,206,255,206,255,225,222,225,0.8465975
213,151,312,149,313,190,214,192,0.86021936
401,151,457,151,457,187,401,187,0.9128383
103,142,205,150,202,194,100,186,0.9041889
316,138,395,138,395,180,316,180,0.8423864
465,131,507,135,502,191,460,187,0.80336267
515,135,538,138,535,171,512,168,0.7446548
479,102,547,102,547,131,479,131,0.9233747
385,86,475,98,469,148,379,136,0.8561102
298,89,378,89,378,131,298,131,0.88680416
174,88,233,88,233,140,174,140,0.8969953
237,89,294,89,294,131,237,131,0.91672736
105,87,170,87,170,137,105,137,0.8923298
81,92,96,96,90,122,75,118,0.5697807
