404,898,550,904,549,933,403,927,0.70719486
359,900,392,900,392,946,359,946,0.6862082
489,588,555,580,559,616,493,624,0.8264282
559,580,611,571,616,602,564,611,0.84838647
614,572,659,567,663,603,619,608,0.8319861
663,563,734,557,736,589,666,595,0.81090504
54,577,139,536,155,572,70,612,0.854546
509,532,647,514,653,562,514,580,0.8817764
39,121,88,124,86,153,38,149,0.8308582
281,124,347,122,348,145,281,147,0.8101281
357,121,409,124,408,148,355,145,0.8121484
95,119,155,119,155,151,95,151,0.84883755
222,119,274,119,274,146,222,146,0.9064711
162,119,215,119,215,146,162,146,0.8604933
587,120,613,120,613,139,587,139,0.79575044
619,115,678,118,677,138,618,135,0.84176356
535,115,581,115,581,138,535,138,0.8451688
499,114,529,114,529,140,499,140,0.7703686
501,88,549,88,549,106,501,106,0.9240724
342,85,425,85,425,106,342,106,0.83219206
99,85,142,85,142,113,99,113,0.8820225
658,84,710,87,708,110,657,106,0.8147202
613,85,653,85,653,108,613,108,0.8220912
40,85,92,85,92,108,40,108,0.81167793
556,82,609,82,609,113,556,113,0.8104172
147,79,200,79,200,110,147,110,0.8477598
206,78,273,78,273,108,206,108,0.8594838
281,74,334,74,334,108,281,108,0.87758774
705,52,732,55,729,76,703,73,0.7924843
653,53,699,53,699,74,653,74,0.8978992
549,53,589,53,589,76,549,76,0.86530614
596,54,612,54,612,74,596,74,0.82939625
502,52,542,52,542,76,502,76,0.9135266
619,49,649,49,649,76,619,76,0.79205656
268,46,308,46,308,70,268,70,0.85079384
319,41,378,41,378,68,319,68,0.9054243
124,40,202,40,202,71,124,71,0.79732776
83,41,117,41,117,71,83,71,0.87185216
39,41,79,41,79,71,39,71,0.825154
209,38,260,38,260,71,209,71,0.87462664
