659,879,750,882,749,907,659,905,0.7873566
576,882,649,882,649,908,576,908,0.80122507
762,880,828,880,828,910,762,910,0.8425804
268,878,347,878,347,904,268,904,0.8361516
188,876,256,876,256,902,188,902,0.8262008
359,874,414,874,414,905,359,905,0.8368246
52,876,107,876,107,899,52,899,0.81433094
119,872,175,872,175,900,119,900,0.8315973
730,853,773,856,771,885,728,881,0.801598
324,853,379,853,379,875,324,875,0.9011542
781,849,836,852,834,881,780,878,0.82991296
644,848,719,851,718,882,643,879,0.8374488
569,850,632,850,632,876,569,876,0.90494424
173,848,240,848,240,875,173,875,0.80926627
254,845,312,845,312,877,254,877,0.8699522
86,844,163,844,163,874,86,874,0.7996606
154,468,173,468,173,478,154,478,0.52910894
211,436,275,436,275,462,211,462,0.878598
142,436,200,436,200,462,142,462,0.847894
287,430,344,434,342,467,285,464,0.82684815
733,432,785,432,785,460,733,460,0.8634522
645,429,720,432,719,459,644,456,0.8239738
328,410,365,413,363,437,326,434,0.8015301
123,412,180,409,182,430,124,434,0.78723526
251,407,319,407,319,437,251,437,0.8538938
787,405,829,408,826,438,784,435,0.8310865
601,406,653,403,655,432,603,435,0.8349406
190,403,242,403,242,436,190,436,0.8065847
727,403,776,403,776,431,727,431,0.8988933
665,402,715,402,715,430,665,430,0.9276853
39,32,217,35,217,59,38,56,0.7057659
