537,567,595,568,594,587,537,586,0.8235819
598,568,621,568,621,587,598,587,0.8346726
508,568,534,568,534,583,508,583,0.85646486
641,565,663,565,663,586,641,586,0.69341016
173,48,206,48,206,61,173,61,0.8440896
115,45,154,47,153,64,114,62,0.7879858
219,47,235,47,235,63,219,63,0.75925606
156,48,168,46,171,62,158,64,0.6302239
102,47,112,47,112,61,102,61,0.7649597
155,25,248,27,248,40,154,38,0.7394267
103,25,148,25,148,41,103,41,0.86811453
277,24,306,22,307,41,279,43,0.83788127
478,23,509,23,509,40,478,40,0.78230464
410,21,444,23,443,44,408,41,0.86256635
382,23,407,23,407,42,382,42,0.88055426
310,22,346,22,346,42,310,42,0.7966787
254,24,274,24,274,39,254,39,0.8416583
447,22,476,22,476,40,447,40,0.85649395
349,22,379,22,379,40,349,40,0.8305517
613,23,636,23,636,34,613,34,0.73069674
511,20,536,20,536,44,511,44,0.8153623
