647,786,836,786,836,830,647,830,0.8398671
481,781,538,784,536,833,478,830,0.88570356
252,782,324,779,326,831,254,834,0.847901
122,776,240,776,240,832,122,832,0.9195237
338,772,467,772,467,832,338,832,0.92522866
547,769,630,766,633,831,550,835,0.91476715
666,629,738,629,738,654,666,654,0.89927167
150,628,207,628,207,659,150,659,0.8400489
78,629,143,629,143,654,78,654,0.92462903
798,628,850,625,852,656,800,659,0.85802054
746,628,793,628,793,654,746,654,0.89836115
510,625,568,628,567,658,508,655,0.87751424
412,630,436,630,436,652,412,652,0.85563207
376,629,408,629,408,653,376,653,0.8197551
210,628,260,628,260,654,210,654,0.8691265
442,623,504,626,502,654,441,651,0.8279374
262,627,293,627,293,656,262,656,0.8237559
781,445,869,445,869,479,781,479,0.8730484
430,433,495,445,489,484,424,472,0.8347047
666,384,745,380,752,539,673,543,0.5990282
84,112,210,112,210,182,84,182,0.9284511
702,112,826,112,826,177,702,177,0.931214
601,111,691,114,688,185,598,182,0.9038021
477,111,590,111,590,177,477,177,0.89881843
222,111,317,111,317,177,222,177,0.9040503
331,106,462,106,462,176,331,176,0.9183716
830,110,879,106,884,177,835,181,0.63638544
