111,187,119,187,119,194,111,194,0.68761736
139,187,149,187,149,193,139,193,0.66880655
119,187,130,187,130,194,119,194,0.7036182
102,186,111,188,109,194,100,192,0.5972253
130,187,138,187,138,194,130,194,0.6434425
163,178,177,178,177,185,163,185,0.5854229
151,178,162,178,162,185,151,185,0.6481387
131,178,140,178,140,184,131,184,0.70393753
141,178,150,178,150,184,141,184,0.77418506
101,178,111,178,111,184,101,184,0.70580184
122,177,131,177,131,184,122,184,0.7390568
112,177,122,177,122,184,112,184,0.7093787
90,176,101,177,101,185,90,184,0.65913624
82,177,90,177,90,184,82,184,0.6852493
133,169,142,169,142,175,133,175,0.7202563
176,167,187,168,186,177,174,175,0.64485216
150,168,160,168,160,176,150,176,0.70931506
141,168,150,168,150,175,141,175,0.73721135
123,168,132,168,132,175,123,175,0.7813894
108,168,122,167,122,175,109,176,0.7355583
93,168,108,168,108,175,93,175,0.7782667
165,167,176,168,175,176,165,175,0.7292494
160,168,165,168,165,175,160,175,0.73350054
86,167,93,167,93,174,86,174,0.55812496
79,167,86,167,86,174,79,174,0.643062
71,167,79,167,79,174,71,174,0.65291536
62,166,71,166,71,175,62,175,0.67613
196,159,204,159,204,167,196,167,0.5965443
184,159,196,159,196,167,184,167,0.6652234
169,159,183,159,183,167,169,167,0.71377
159,159,168,159,168,167,159,167,0.68544954
152,159,159,159,159,166,152,166,0.65839505
139,158,151,158,151,165,139,165,0.7621325
119,158,131,158,131,165,119,165,0.7251551
112,158,119,158,119,165,112,165,0.64022136
104,158,112,158,112,165,104,165,0.70680064
132,158,139,158,139,165,132,165,0.66017777
90,157,103,158,102,166,89,164,0.70363444
62,158,70,158,70,165,62,165,0.6920852
71,157,81,157,81,165,71,165,0.7135537
51,157,62,157,62,165,51,165,0.668571
81,157,89,157,89,165,81,165,0.6602981
193,150,206,150,206,157,193,157,0.5903483
168,150,184,150,184,157,168,157,0.71983165
206,150,213,150,213,157,206,157,0.5357741
184,150,194,150,194,157,184,157,0.7019313
159,149,168,149,168,156,159,156,0.7177738
149,149,159,149,159,156,149,156,0.6434856
137,148,149,148,149,156,137,156,0.69456404
118,148,131,148,131,156,118,156,0.7346209
112,149,118,149,118,155,112,155,0.6661997
98,148,112,148,112,156,98,156,0.7308415
82,148,91,148,91,155,82,155,0.66795874
131,148,138,148,138,156,131,156,0.6414506
73,148,82,148,82,155,73,155,0.7614548
61,148,73,148,73,156,61,156,0.7182207
48,146,61,148,59,157,46,155,0.63509953
91,148,98,148,98,155,91,155,0.70776635
211,142,218,142,218,148,211,148,0.5597109
204,141,211,141,211,148,204,148,0.6464333
198,140,204,140,204,147,198,147,0.6404197
185,140,198,140,198,148,185,148,0.71907824
169,139,185,139,185,148,169,148,0.73577124
143,140,155,140,155,147,143,147,0.7569588
155,140,169,139,169,147,156,148,0.71640605
121,139,132,139,132,147,121,147,0.7339185
107,139,121,139,121,147,107,147,0.5711845
74,140,84,140,84,146,74,146,0.7186428
132,139,144,139,144,147,132,147,0.6506353
96,139,108,139,108,146,96,146,0.70049155
83,140,90,140,90,145,83,145,0.69254386
64,139,75,139,75,145,64,145,0.6832414
54,139,64,139,64,146,54,146,0.6904626
89,139,97,139,97,146,89,146,0.6988465
43,139,54,139,54,146,43,146,0.66464496
35,138,43,136,44,146,36,147,0.5387636
206,131,219,133,218,139,205,138,0.64028823
187,131,197,131,197,137,187,137,0.6707924
197,131,205,131,205,137,197,137,0.741438
140,130,155,130,155,137,140,137,0.76434517
105,130,118,130,118,138,105,138,0.7535925
96,131,106,131,106,137,96,137,0.7338665
74,130,84,130,84,138,74,138,0.6942881
177,130,186,130,186,137,177,137,0.7219294
165,130,176,129,177,137,165,138,0.7248328
155,130,165,130,165,137,155,137,0.7123325
130,130,140,130,140,138,130,138,0.72567976
119,130,129,130,129,137,119,137,0.69019073
84,130,95,129,95,136,85,137,0.7312142
62,129,74,129,74,137,62,137,0.7774113
50,130,61,130,61,136,50,136,0.72546375
43,129,50,129,50,136,43,136,0.69254375
32,128,43,128,43,136,32,136,0.6684142
209,121,219,122,219,129,208,128,0.6913051
196,121,209,121,209,129,196,129,0.74584544
183,121,195,121,195,128,183,128,0.7812614
167,120,182,120,182,128,167,128,0.74332935
154,121,167,120,167,127,154,128,0.7179441
143,120,155,120,155,128,143,128,0.7243034
132,120,144,120,144,128,132,128,0.7193531
123,121,132,121,132,128,123,128,0.782522
105,120,113,120,113,127,105,127,0.7104862
95,120,105,120,105,127,95,127,0.75251883
88,120,95,120,95,127,88,127,0.63612324
74,120,88,120,88,127,74,127,0.8097164
46,119,61,119,61,128,46,128,0.6166045
113,119,122,119,122,128,113,128,0.74745774
62,119,73,119,73,127,62,127,0.75053895
33,119,46,119,46,126,33,126,0.78747916
148,113,155,113,155,118,148,118,0.6748072
135,112,148,112,148,119,135,119,0.7208005
209,111,219,111,219,118,209,118,0.78303134
175,111,190,111,190,118,175,118,0.7683386
155,111,169,111,169,119,155,119,0.76469475
127,111,135,111,135,118,127,118,0.7049332
190,111,200,111,200,118,190,118,0.81109023
169,111,174,111,174,117,169,117,0.6840301
107,111,115,111,115,118,107,118,0.7170526
95,111,107,111,107,118,95,118,0.7712729
82,111,94,111,94,117,82,117,0.7538517
115,110,126,109,127,117,115,118,0.704443
200,110,209,110,209,118,200,118,0.72541845
66,110,82,110,82,117,66,117,0.68323624
52,110,64,110,64,117,52,117,0.6880042
33,110,45,110,45,117,33,117,0.7655294
45,110,52,110,52,117,45,117,0.6441761
199,101,220,102,220,110,199,109,0.6385871
189,102,200,102,200,108,189,108,0.8042275
127,102,140,102,140,109,127,109,0.77156734
182,102,189,102,189,108,182,108,0.65321255
170,102,182,102,182,108,170,108,0.7931061
155,102,163,102,163,109,155,109,0.66987103
139,102,144,102,144,109,139,109,0.5718375
115,102,127,102,127,108,115,108,0.8050035
104,102,115,102,115,108,104,108,0.75491947
163,101,171,101,171,108,163,108,0.6967438
145,101,156,101,156,109,145,109,0.7849111
86,101,104,101,104,108,86,108,0.7614352
76,100,86,101,85,109,75,108,0.71169347
70,101,76,101,76,107,70,108,0.65386105
63,101,70,101,70,107,63,107,0.754841
46,100,63,100,63,108,46,108,0.7704838
138,92,157,92,157,98,138,98,0.68993515
105,92,118,91,119,98,105,99,0.64298105
99,92,107,92,107,98,99,98,0.67830944
127,91,138,91,138,98,127,98,0.6907888
118,91,127,91,127,98,118,98,0.7455586
88,90,99,91,98,99,87,98,0.75793093
79,91,88,91,88,97,79,97,0.8048927
70,91,79,91,79,97,70,97,0.7365332
62,90,70,90,70,97,62,97,0.60447097
55,90,65,90,65,98,55,98,0.6171684
46,90,56,90,56,97,46,97,0.7406382
89,79,102,79,102,85,89,85,0.71872246
71,79,80,79,80,85,71,85,0.78501695
80,79,89,79,89,85,80,85,0.7494347
59,79,71,79,71,85,59,85,0.74387425
46,78,59,78,59,85,46,85,0.8181545
89,67,108,68,108,75,89,74,0.7662309
140,67,153,66,153,74,140,75,0.7543704
123,67,140,67,140,75,123,75,0.7280178
109,67,123,67,123,74,109,74,0.7663278
177,67,185,67,185,74,177,74,0.6514077
162,67,176,67,176,74,162,74,0.714106
153,67,162,67,162,74,153,74,0.8030817
193,66,207,66,207,74,193,74,0.75060886
184,67,193,67,193,74,184,74,0.71973366
56,67,66,67,66,73,56,73,0.71692383
46,67,57,67,57,73,46,73,0.75660163
160,56,173,56,173,61,160,61,0.77990043
171,55,183,54,184,60,171,61,0.7340345
106,55,116,55,116,61,106,61,0.7895885
89,55,105,55,105,61,89,61,0.7800223
79,55,88,55,88,61,79,61,0.75445795
66,55,78,55,78,61,66,61,0.88588154
185,54,198,54,198,61,185,61,0.785969
55,54,65,54,65,61,55,61,0.7561611
47,54,55,54,55,61,47,61,0.7907875
127,39,134,39,134,44,127,44,0.6702913
134,38,147,37,148,44,135,45,0.7064659
75,38,112,38,112,43,75,43,0.7988162
148,37,174,37,174,44,148,45,0.7355615
112,36,128,38,127,45,112,44,0.63864326
46,36,70,36,70,44,46,44,0.6905743
182,37,191,37,191,43,182,43,0.70585275
174,37,183,37,183,44,174,44,0.6011995
191,36,207,36,207,43,191,43,0.74536616
102,18,119,18,119,25,102,25,0.77472425
120,17,149,17,149,25,120,25,0.77223635
132,1,158,1,158,6,132,6,0.5791304
93,1,134,1,134,6,93,6,0.54742527
