597,926,691,926,691,947,597,947,0.77674544
567,926,592,926,592,952,567,952,0.7908234
577,776,631,772,632,800,579,803,0.8519865
539,769,575,769,575,799,539,799,0.8269116
633,738,664,738,664,762,633,762,0.83773494
584,738,627,738,627,761,584,761,0.82310265
554,739,578,739,578,762,554,762,0.8148187
509,738,548,735,550,759,511,762,0.8235918
504,701,543,701,543,730,504,730,0.8788044
582,697,622,697,622,726,582,726,0.8835216
547,697,577,697,577,725,547,725,0.8969055
626,694,668,694,668,728,626,728,0.8457129
557,665,591,665,591,695,557,695,0.8450135
523,665,553,665,553,690,523,690,0.8420887
594,660,648,660,648,691,594,691,0.8147044
227,380,262,380,262,406,227,406,0.85139364
186,380,223,380,223,403,186,403,0.8595327
80,379,119,379,119,402,80,402,0.80404603
48,382,75,379,77,400,50,403,0.7389275
295,377,328,377,328,403,295,403,0.8417782
143,376,182,376,182,404,143,404,0.8350022
265,374,292,374,292,403,265,403,0.8067766
123,374,141,374,141,402,123,402,0.804033
257,347,301,347,301,371,257,371,0.8531349
117,343,156,343,156,370,117,370,0.9139985
222,342,252,342,252,370,222,370,0.8335673
193,342,218,342,218,370,193,370,0.83621395
76,338,113,338,113,370,76,370,0.83478606
161,338,188,338,188,370,161,370,0.8397966
547,103,585,103,585,126,547,126,0.88741434
460,103,489,103,489,126,460,126,0.7905475
490,101,544,101,544,122,490,122,0.8825751
590,98,628,98,628,122,590,122,0.87193775
166,97,211,97,211,120,166,120,0.89643073
74,97,129,97,129,120,74,120,0.771102
242,96,282,96,282,120,242,120,0.8651101
211,97,237,93,242,119,215,124,0.77450275
133,95,162,95,162,121,133,121,0.7793769
41,92,70,92,70,121,41,121,0.81470346
607,70,644,70,644,92,607,92,0.7828429
487,70,533,70,533,91,487,91,0.8950768
558,67,605,67,605,94,558,94,0.8287555
445,68,483,68,483,91,445,91,0.86550546
188,64,224,68,221,92,186,88,0.7560078
536,67,557,67,557,92,536,92,0.6919127
139,65,186,65,186,91,139,91,0.84939265
116,67,137,67,137,90,116,90,0.81633055
74,66,113,66,113,90,74,90,0.8683785
255,66,279,66,279,91,255,91,0.7987797
228,66,250,66,250,90,228,90,0.84683925
48,66,70,66,70,90,48,90,0.78125525
579,41,611,41,611,65,579,65,0.8285531
451,42,485,42,485,61,451,61,0.8095945
113,41,147,41,147,59,113,59,0.8404056
489,37,518,37,518,62,489,62,0.83596486
614,37,639,37,639,62,614,62,0.7713807
540,36,574,34,576,60,542,63,0.78285396
238,36,272,36,272,60,238,60,0.8501753
186,36,218,36,218,60,186,60,0.8542618
523,37,539,37,539,62,523,62,0.7214247
151,35,182,35,182,60,151,60,0.81553715
53,32,108,32,108,59,53,59,0.8678667
222,35,236,35,236,59,222,59,0.73605365
