756,1214,877,1214,877,1267,756,1267,0.906067
177,1216,266,1216,266,1259,177,1259,0.8967062
888,1212,951,1212,951,1270,888,1270,0.8583884
274,1212,326,1212,326,1261,274,1261,0.85230047
740,1148,902,1154,901,1200,738,1194,0.8600393
119,1148,282,1152,281,1198,118,1194,0.82985806
294,1145,385,1145,385,1193,294,1193,0.8759664
916,1143,964,1143,964,1203,916,1203,0.86788416
734,563,956,563,956,699,734,699,0.9406346
47,56,233,56,233,138,47,138,0.929024
389,55,560,55,560,138,389,138,0.9054031
875,55,1063,55,1063,123,875,123,0.85571057
252,55,372,55,372,128,252,128,0.9203627
734,51,859,51,859,127,734,127,0.9480359
573,47,717,47,717,127,573,127,0.8853477
