503,636,569,636,569,666,503,666,0.88316464
441,639,492,636,494,663,443,666,0.84972036
379,636,431,636,431,665,379,665,0.9088837
470,616,509,616,509,640,470,640,0.858183
519,616,570,613,572,636,521,639,0.76330996
371,613,401,613,401,638,371,638,0.7912934
408,606,462,606,462,638,408,638,0.83159405
408,463,583,463,583,484,408,484,0.72588134
514,289,542,289,542,312,514,312,0.712531
467,288,506,288,506,311,467,311,0.74934506
419,290,460,283,464,308,423,314,0.73383534
506,270,562,270,562,292,506,292,0.7912112
402,266,446,266,446,289,402,289,0.78145814
451,264,500,264,500,292,451,292,0.7402101
380,251,419,251,419,269,380,269,0.74683833
426,250,482,250,482,268,426,268,0.78105503
541,245,584,245,584,272,541,272,0.7928126
491,245,536,245,536,272,491,272,0.7488839
406,229,430,229,430,248,406,248,0.72999746
538,228,558,228,558,250,538,250,0.76467127
433,227,484,224,485,246,434,249,0.7596077
491,224,530,224,530,251,491,251,0.8063497
