288,715,364,718,364,741,288,738,0.81778634
370,715,412,715,412,738,370,738,0.8276015
169,694,204,697,202,723,167,719,0.7641651
121,695,166,695,166,718,121,718,0.8112109
89,696,118,696,118,716,89,716,0.8053601
383,688,437,688,437,714,383,714,0.8258273
352,690,380,690,380,710,352,710,0.84165317
309,689,349,689,349,712,309,712,0.8712018
261,688,308,688,308,714,261,714,0.85129696
194,670,228,670,228,689,194,689,0.8359018
149,667,192,667,192,695,149,695,0.80177104
105,667,147,667,147,690,105,690,0.882801
65,666,105,666,105,694,65,694,0.84883785
142,383,223,383,223,403,142,403,0.76876336
73,382,139,382,139,407,73,407,0.823015
155,358,208,358,208,379,155,379,0.83082426
241,351,282,355,279,383,239,380,0.78747165
210,354,241,354,241,380,210,380,0.8355573
112,354,153,354,153,377,112,377,0.8586068
76,354,111,354,111,378,76,378,0.82779884
46,354,75,354,75,380,46,380,0.833222
14,354,47,354,47,378,14,378,0.8042099
361,94,407,94,407,115,361,115,0.7698114
321,90,358,90,358,120,321,120,0.88919723
183,25,224,28,221,57,181,53,0.7989189
130,28,179,28,179,50,130,50,0.8833837
30,26,76,26,76,53,30,53,0.8877188
77,25,125,25,125,52,77,52,0.8806781
