378,905,602,905,602,971,378,971,0.8264474
311,682,446,682,446,731,311,731,0.9167895
560,669,690,669,690,729,560,729,0.8982382
460,669,545,669,545,722,460,722,0.8924225
415,596,558,596,558,655,415,655,0.8935535
571,597,708,592,711,652,573,657,0.88708097
280,590,401,590,401,658,280,658,0.9177093
148,594,266,594,266,645,148,645,0.92766315
724,591,854,591,854,646,724,646,0.8588132
719,515,843,518,841,583,717,579,0.8719136
302,520,356,520,356,581,302,581,0.89192855
552,516,702,516,702,570,552,570,0.90646285
364,518,435,518,435,575,364,575,0.87486047
162,515,290,515,290,571,162,571,0.88810736
446,514,539,514,539,572,446,572,0.8962699
