395,921,600,921,600,978,395,978,0.83153856
226,598,330,598,330,656,226,656,0.91578114
641,598,769,598,769,648,641,648,0.8891816
542,594,625,594,625,649,542,649,0.90276873
345,588,469,593,467,649,343,644,0.87380254
481,594,530,594,530,649,481,649,0.9150557
652,531,750,531,750,571,652,571,0.9099695
430,531,528,531,528,571,430,571,0.89783657
142,522,295,530,292,580,139,572,0.8812021
544,520,638,520,638,582,544,582,0.87890106
765,520,860,520,860,574,765,574,0.87433946
310,515,416,515,416,572,310,572,0.92472696
