121,816,185,812,186,832,122,837,0.75767946
191,812,234,808,235,826,192,830,0.75180775
241,804,298,800,300,822,243,826,0.8249343
366,794,453,780,457,805,369,819,0.66227347
104,775,129,775,129,793,104,793,0.7410068
106,750,126,750,126,766,106,766,0.5902207
136,744,189,744,189,766,136,766,0.6062114
461,724,504,720,507,754,463,758,0.7777344
426,634,494,628,496,655,428,661,0.7360967
100,630,135,630,135,648,100,648,0.7747265
136,628,165,628,165,646,136,646,0.6695794
165,626,183,626,183,642,165,642,0.67255855
197,626,222,622,223,635,199,639,0.7558801
223,623,249,620,250,634,225,638,0.68739146
100,570,170,570,170,587,100,587,0.7306274
215,565,264,562,265,581,216,584,0.745725
175,564,209,561,211,580,177,584,0.7334553
271,561,314,558,315,576,272,579,0.75066483
321,560,336,560,336,577,321,577,0.5612508
340,556,366,556,366,575,340,575,0.703418
367,556,398,553,400,571,369,574,0.7534721
99,548,134,548,134,566,99,566,0.73937786
140,550,186,546,187,564,142,568,0.7457876
194,545,241,542,242,559,195,562,0.7111159
249,544,263,544,263,560,249,560,0.5713223
267,540,292,540,292,558,267,558,0.7903816
294,541,324,537,326,555,296,559,0.752582
328,538,369,538,369,554,328,554,0.7189373
371,537,412,534,413,550,372,554,0.6651579
143,527,204,524,205,541,143,544,0.715598
97,527,132,524,133,543,99,546,0.7184879
210,525,282,521,283,537,211,541,0.68046194
291,521,341,521,341,538,291,538,0.66189927
379,515,410,515,410,533,379,533,0.6845359
364,516,379,516,379,533,364,533,0.5781402
414,513,454,510,455,528,415,531,0.75849426
98,508,140,505,141,523,99,526,0.7444062
144,505,194,503,195,519,145,522,0.61325836
98,487,173,485,173,501,98,504,0.724021
100,466,138,466,138,484,100,484,0.7736974
143,466,216,463,216,480,143,483,0.7197084
252,462,318,458,319,475,253,479,0.75010705
219,461,248,461,248,480,219,480,0.7100467
324,457,350,457,350,476,324,476,0.72512037
353,456,379,456,379,474,353,474,0.7548438
381,455,421,452,422,470,382,473,0.7051974
425,454,461,451,463,469,426,472,0.7593333
163,445,233,445,233,462,163,462,0.66253746
97,445,156,443,157,461,97,463,0.7134736
236,443,290,440,291,457,237,460,0.7199189
294,441,337,438,338,454,295,458,0.75501096
342,438,409,434,410,451,343,455,0.65302414
414,435,449,432,450,450,415,453,0.7214536
167,426,221,423,222,440,168,443,0.73599106
98,426,162,423,162,440,98,443,0.70611405
228,425,309,421,310,438,229,442,0.669979
314,419,339,416,342,435,317,439,0.72673124
346,420,422,415,423,432,347,437,0.64982384
426,412,466,409,467,430,427,434,0.74947524
307,400,396,396,396,411,308,415,0.6766005
134,395,195,395,195,408,134,408,0.76755494
357,378,416,374,417,391,358,395,0.53467274
409,377,446,374,447,386,410,389,0.5113286
144,361,179,361,179,378,144,378,0.803705
389,362,412,362,412,372,389,372,0.58964765
367,362,390,362,390,371,367,371,0.5579055
332,352,351,352,351,361,332,361,0.63745266
297,350,332,350,332,364,297,364,0.5174669
369,349,403,349,403,361,369,361,0.5092811
349,350,369,350,369,360,349,360,0.5616656
127,330,164,330,164,347,127,347,0.78454065
320,331,345,331,345,341,320,341,0.8678972
237,329,271,329,271,346,237,346,0.7791581
207,330,234,330,234,344,207,344,0.7662431
163,329,191,329,191,347,163,347,0.752821
358,329,431,329,431,341,358,341,0.7603474
288,327,315,330,314,345,286,342,0.72087437
500,23,518,26,516,43,498,40,0.5590745
487,8,511,20,501,42,477,30,0.5771023
