38,901,77,901,77,942,38,942,0.67961425
88,900,223,903,222,928,87,925,0.70896083
815,782,872,782,872,810,815,810,0.8586573
744,779,810,779,810,809,744,809,0.82418054
707,781,740,781,740,805,707,805,0.8053699
804,749,856,749,856,770,804,770,0.8472443
745,748,799,748,799,774,745,774,0.84004164
721,749,741,749,741,773,721,773,0.71501327
787,712,834,716,832,744,784,741,0.82539475
170,710,232,710,232,755,170,755,0.8978593
95,708,164,708,164,762,95,762,0.922404
18,709,91,705,94,759,21,763,0.9070298
242,704,315,704,315,752,242,752,0.9050097
749,710,782,710,782,737,749,737,0.86122465
51,636,361,636,361,685,51,685,0.69293827
356,566,380,566,380,581,356,581,0.6872661
395,515,450,515,450,547,395,547,0.8729086
286,515,345,515,345,547,286,547,0.85419333
352,515,388,515,388,546,352,546,0.9200226
812,195,895,198,894,228,811,225,0.8456304
719,185,805,192,802,236,716,230,0.849383
77,174,113,174,113,214,77,214,0.8537777
120,172,207,172,207,206,120,206,0.87430435
807,151,870,151,870,187,807,187,0.914099
744,151,803,151,803,182,744,182,0.8799875
151,132,204,132,204,160,151,160,0.90424806
85,132,140,132,140,160,85,160,0.8735683
798,112,836,112,836,136,798,136,0.79840875
734,106,790,106,790,137,734,137,0.8750496
842,104,882,104,882,136,842,136,0.82561845
738,59,823,59,823,89,738,89,0.85482824
832,59,878,59,878,90,832,90,0.8888855
