687,181,802,178,803,223,688,226,0.87575155
531,165,674,173,671,226,528,218,0.8442971
136,169,223,173,221,227,134,224,0.88249856
40,171,123,171,123,226,40,226,0.8810407
236,172,308,172,308,217,236,217,0.903035
456,171,517,171,517,217,456,217,0.8723718
817,167,922,167,922,217,817,217,0.9082877
322,168,394,168,394,217,322,217,0.91556925
403,169,446,169,446,218,403,218,0.85787046
127,116,227,116,227,157,127,157,0.9070783
323,110,469,110,469,158,323,158,0.8883585
483,107,536,107,536,160,483,160,0.8843387
240,107,308,107,308,151,240,151,0.9175776
704,105,826,105,826,150,704,150,0.9425999
548,103,633,103,633,152,548,152,0.8655607
843,102,930,102,930,151,843,151,0.93118143
649,105,690,105,690,153,649,153,0.89071953
36,101,113,101,113,150,36,150,0.9013617
38,37,129,37,129,95,38,95,0.9034612
680,35,796,42,794,93,677,87,0.8765956
593,37,668,37,668,93,593,93,0.89168066
139,39,225,39,225,86,139,86,0.9054908
528,39,582,39,582,86,528,86,0.8836144
379,39,450,39,450,83,379,83,0.9454865
238,39,282,39,282,85,238,85,0.9047973
463,36,519,36,519,85,463,85,0.9039
806,36,847,36,847,86,806,86,0.8515844
296,34,368,34,368,85,296,85,0.9131129
