148,520,197,522,196,552,147,550,0.891432
93,518,148,518,148,556,93,556,0.9046305
53,521,91,521,91,549,53,549,0.90326
470,521,499,521,499,545,470,545,0.88693
393,518,464,518,464,549,393,549,0.90159523
200,518,254,518,254,549,200,549,0.94339806
504,518,587,518,587,542,504,542,0.89951205
344,515,389,515,389,546,344,546,0.89809424
118,484,174,484,174,513,118,513,0.907479
60,483,117,485,116,514,59,512,0.8679897
176,482,247,484,246,513,175,511,0.886199
365,479,423,479,423,512,365,512,0.9118981
426,478,471,478,471,513,426,513,0.91654086
523,478,572,478,572,508,523,508,0.9109387
473,477,522,477,522,509,473,509,0.8821429
