102,77,174,77,174,104,102,104,0.9058863
364,72,474,70,475,103,365,105,0.8930183
482,70,511,68,514,104,484,106,0.7615595
43,69,92,69,92,100,43,100,0.8945214
516,69,553,69,553,100,516,100,0.86609167
227,69,265,69,265,100,227,100,0.9520636
556,68,596,66,598,98,558,100,0.8654521
273,67,327,67,327,99,273,99,0.9500823
602,71,631,69,632,84,603,86,0.7941018
183,67,221,67,221,100,183,100,0.88837343
334,68,357,68,357,99,334,99,0.84428793
497,29,581,27,581,55,497,57,0.8651092
426,28,488,28,488,56,426,56,0.9298723
339,26,395,26,395,58,339,58,0.8879302
295,28,332,28,332,56,295,56,0.89084655
191,25,287,28,286,58,190,55,0.8417745
143,27,182,27,182,59,143,59,0.9074936
90,25,137,25,137,59,90,59,0.93226105
402,28,417,28,417,57,402,57,0.73379767
