450,910,523,907,523,925,450,928,0.73643535
90,783,197,778,198,813,91,818,0.8162749
209,781,275,781,275,818,209,818,0.88817096
773,780,847,780,847,810,773,810,0.8708326
694,780,761,780,761,811,694,811,0.85898113
365,755,476,755,476,790,365,790,0.86305714
490,755,578,755,578,785,490,785,0.8958384
731,734,812,734,812,766,731,766,0.904984
131,731,235,731,235,766,131,766,0.91051596
772,239,792,239,792,278,772,278,0.71554774
481,238,504,238,504,277,481,277,0.6620053
210,105,316,103,318,184,212,187,0.91937447
331,96,497,96,497,184,331,184,0.91220844
712,106,744,106,744,173,712,173,0.8078228
583,88,704,88,704,175,583,175,0.91107047
504,85,583,85,583,175,504,175,0.8679231
801,16,939,22,937,84,798,78,0.87500316
