605,924,712,924,712,949,605,949,0.6102774
573,923,601,923,601,954,573,954,0.7748226
238,796,269,792,272,816,241,820,0.7693802
273,791,330,791,330,817,273,817,0.8554932
275,761,314,761,314,787,275,787,0.8586332
318,755,355,755,355,784,318,784,0.88947767
220,752,270,752,270,781,220,781,0.89276856
266,721,313,721,313,750,266,750,0.89512944
318,721,349,721,349,748,318,748,0.8613475
226,715,263,715,263,748,226,748,0.82575434
313,688,352,688,352,712,313,712,0.8422354
266,684,308,684,308,713,266,713,0.8442073
223,684,263,684,263,713,223,713,0.85088456
309,653,338,653,338,680,309,680,0.83616126
278,654,304,654,304,676,278,676,0.85900545
233,650,271,646,274,675,236,679,0.83448756
623,522,675,525,673,554,622,550,0.8234147
577,521,617,521,617,550,577,550,0.9008111
619,486,697,486,697,511,619,511,0.8272112
555,484,613,484,613,510,555,510,0.91935843
635,450,678,450,678,473,635,473,0.8476372
577,445,629,445,629,473,577,473,0.8549388
635,412,667,412,667,436,635,436,0.8308011
585,409,630,405,632,434,587,437,0.790131
29,385,74,385,74,413,29,413,0.8796941
291,382,340,386,338,412,290,409,0.7803841
250,380,289,380,289,409,250,409,0.8505636
217,382,246,382,246,409,217,409,0.8802815
183,382,214,382,214,409,183,409,0.82269865
139,380,178,380,178,409,139,409,0.8392732
79,378,135,378,135,409,79,409,0.90864027
641,372,664,372,664,396,641,396,0.82228833
590,368,636,368,636,397,590,397,0.84343094
152,350,192,350,192,373,152,373,0.83415073
27,350,73,350,73,372,27,372,0.8686254
285,346,330,346,330,373,285,373,0.87944317
236,344,282,344,282,378,236,378,0.8364919
197,344,235,344,235,373,197,373,0.8677882
107,344,147,344,147,373,107,373,0.8444181
78,343,104,343,104,372,78,372,0.8368429
252,175,294,175,294,192,252,192,0.8939124
296,169,334,169,334,198,296,198,0.8540924
336,169,371,169,371,194,336,194,0.8079382
207,169,247,169,247,193,207,193,0.80350167
262,137,302,137,302,161,262,161,0.84501374
221,136,258,136,258,166,221,166,0.8559567
306,133,356,133,356,161,306,161,0.8828708
327,102,376,102,376,128,327,128,0.8295669
287,103,322,103,322,127,287,127,0.8688523
235,103,279,103,279,127,235,127,0.86536616
203,102,232,102,232,127,203,127,0.8228565
244,76,297,76,297,97,244,97,0.88680726
343,74,379,74,379,94,343,94,0.8520584
304,74,337,74,337,96,304,96,0.8127469
201,70,238,70,238,95,201,95,0.8146881
313,40,347,40,347,62,313,62,0.82574964
273,37,307,37,307,61,273,61,0.90980315
230,31,269,31,269,62,230,62,0.81062526
