183,682,219,666,224,676,187,692,0.6553129
342,153,375,153,375,176,342,176,0.83439076
253,153,298,153,298,176,253,176,0.8908958
184,150,247,152,246,181,183,178,0.8728743
112,150,177,154,176,182,111,178,0.85831714
305,151,337,151,337,176,305,176,0.89517295
173,121,213,121,213,142,173,142,0.85888445
219,116,281,118,280,147,218,144,0.87931
286,117,323,117,323,146,286,146,0.8744523
112,114,169,116,167,146,111,143,0.8371745
158,83,219,83,219,111,158,111,0.84885585
278,80,340,84,338,114,276,110,0.8316703
382,82,432,82,432,107,382,107,0.87512994
112,80,154,83,152,110,110,107,0.84135157
345,82,378,82,378,107,345,107,0.85427356
225,81,273,81,273,109,225,109,0.8719387
266,46,327,49,325,78,265,76,0.8525528
219,48,262,48,262,77,219,77,0.88595957
168,49,212,49,212,71,168,71,0.9109893
111,48,163,48,163,73,111,73,0.857761
333,47,387,47,387,72,333,72,0.8751315
301,11,364,11,364,43,301,43,0.8595852
112,13,162,13,162,38,112,38,0.84209937
247,9,293,12,292,38,246,36,0.85163724
195,12,243,12,243,37,195,37,0.86772454
167,14,190,14,190,37,167,37,0.8236938
397,7,452,10,451,39,395,37,0.8587181
368,12,393,12,393,44,368,44,0.82332546
