614,902,717,902,717,923,614,923,0.7354738
581,900,607,900,607,928,581,928,0.8333169
183,562,227,562,227,589,183,589,0.85402405
129,562,179,562,179,589,129,589,0.81331736
86,559,126,559,126,589,86,589,0.8792636
188,528,228,528,228,556,188,556,0.90233463
133,528,185,528,185,556,133,556,0.85922
86,523,130,523,130,557,86,557,0.85518074
115,496,183,496,183,522,115,522,0.84362555
189,493,232,493,232,522,189,522,0.85737854
84,492,112,492,112,522,84,522,0.84222746
202,462,240,462,240,488,202,488,0.88913405
168,461,197,461,197,488,168,488,0.796973
111,460,164,460,164,487,111,487,0.87895155
75,460,108,460,108,490,75,490,0.8052912
178,432,226,432,226,454,178,454,0.8120255
125,427,174,427,174,455,125,455,0.8569742
87,424,122,424,122,455,87,455,0.87770164
160,399,205,396,207,419,162,422,0.80880123
107,394,157,394,157,420,107,420,0.8756074
118,364,156,364,156,388,118,388,0.8715019
163,360,228,360,228,386,163,386,0.89367527
86,354,117,354,117,388,86,388,0.8532477
289,178,318,178,318,203,289,203,0.8148891
366,176,405,176,405,199,366,199,0.804007
323,170,362,173,360,200,321,196,0.8282812
408,173,439,173,439,199,408,199,0.8970748
288,139,329,139,329,169,288,169,0.8497537
366,138,394,138,394,166,366,166,0.7674907
395,134,443,134,443,167,395,167,0.83772063
331,134,364,134,364,167,331,167,0.8154434
285,110,312,110,312,131,285,131,0.8279271
381,106,443,106,443,132,381,132,0.8525973
316,106,375,106,375,132,316,132,0.83255523
302,76,350,76,350,102,302,102,0.84526634
387,71,428,71,428,100,387,100,0.8358372
353,72,383,72,383,98,353,98,0.8095491
373,42,424,42,424,64,373,64,0.8427957
333,37,367,37,367,68,333,68,0.8834627
303,37,329,37,329,65,303,65,0.8084592
