43,86,110,86,110,111,43,111,0.8354988
285,81,340,81,340,107,285,107,0.87810034
347,80,392,80,392,108,347,108,0.89031154
252,80,278,80,278,111,252,111,0.7788675
209,79,247,79,247,108,209,108,0.8665166
166,79,202,79,202,108,166,108,0.89768845
118,79,161,79,161,109,118,109,0.9155782
516,51,592,51,592,76,516,76,0.8243858
161,52,218,52,218,70,161,70,0.9231855
88,46,152,46,152,71,88,71,0.9047862
343,45,390,45,390,72,343,72,0.8677796
451,44,506,44,506,71,451,71,0.92639905
397,43,443,46,442,73,396,70,0.8560998
274,43,334,43,334,72,274,72,0.8920768
228,43,269,43,269,72,228,72,0.87387866
43,42,79,42,79,72,43,72,0.88276017
