329,916,436,916,436,937,329,937,0.8163696
296,913,320,913,320,942,296,942,0.80673236
442,614,514,614,514,652,442,652,0.8586663
183,560,281,560,281,605,183,605,0.8963731
50,562,122,562,122,604,50,604,0.87921983
459,557,550,557,550,612,459,612,0.9201129
128,559,181,559,181,605,128,605,0.86985564
403,555,454,551,458,603,407,607,0.8671412
204,186,260,186,260,214,204,214,0.8444437
170,186,197,186,197,215,170,215,0.78569233
151,184,169,186,165,214,148,212,0.6940132
250,145,314,145,314,178,250,178,0.8513995
160,141,243,144,241,179,158,176,0.8082188
89,144,154,144,154,174,89,174,0.8262443
159,103,221,103,221,128,159,128,0.84931344
94,103,153,103,153,131,94,131,0.8719092
230,102,270,102,270,131,230,131,0.91242886
276,98,313,98,313,131,276,131,0.9011466
580,84,638,84,638,112,580,112,0.8776314
470,84,517,84,517,110,470,110,0.92334795
524,83,573,83,573,110,524,110,0.8828155
525,41,591,41,591,73,525,73,0.83652216
460,42,518,42,518,70,460,70,0.87709475
597,41,624,41,624,70,597,70,0.8689047
