728,803,749,800,753,828,731,831,0.5883445
765,799,894,799,894,825,765,825,0.74744546
700,516,756,516,756,539,700,539,0.82066137
765,511,819,511,819,540,765,540,0.8264094
658,511,691,511,691,539,658,539,0.9211675
760,476,827,479,826,507,759,504,0.7884127
696,474,752,474,752,503,696,503,0.9179306
650,472,687,472,687,499,650,499,0.90063906
769,437,820,437,820,466,769,466,0.8565511
714,439,761,439,761,458,714,458,0.8863564
659,430,706,430,706,465,659,465,0.86598384
357,90,404,90,404,121,357,121,0.86702317
303,91,350,91,350,115,303,115,0.8954738
224,88,298,91,297,122,223,119,0.87001276
824,82,896,84,895,107,824,104,0.8042666
687,77,750,77,750,105,687,105,0.9203392
758,76,814,76,814,105,758,105,0.90138924
249,57,299,57,299,77,249,77,0.8759439
339,50,400,54,398,87,337,82,0.81947595
182,53,241,53,241,80,182,80,0.8612014
403,51,444,51,444,83,403,83,0.8223238
305,52,336,52,336,80,305,80,0.8408942
