437,596,466,598,464,623,435,620,0.7019919
342,592,390,594,388,627,340,625,0.8820552
390,593,436,593,436,622,390,622,0.868133
309,589,341,589,341,623,309,623,0.8966452
386,27,451,29,450,70,384,68,0.8870343
461,27,561,27,561,61,461,61,0.8868134
31,22,110,24,109,70,30,68,0.91829234
633,25,720,27,719,63,632,61,0.8984593
314,26,376,26,376,63,314,63,0.9189955
164,25,242,22,244,69,166,72,0.9082142
252,23,305,23,305,63,252,63,0.9020328
118,25,159,25,159,65,118,65,0.88848513
573,23,623,23,623,64,573,64,0.9283137
