834,604,865,607,863,630,832,626,0.6098457
785,602,838,602,838,628,785,628,0.83964807
747,601,777,601,777,626,747,626,0.9056384
789,567,838,564,840,590,790,593,0.838701
845,561,891,565,889,592,843,589,0.81360644
750,564,786,564,786,592,750,592,0.9059796
717,565,744,564,746,593,719,595,0.84436446
848,527,915,531,913,561,847,557,0.8360016
776,528,842,528,842,558,776,558,0.86816907
738,530,769,530,769,555,738,555,0.90936595
694,526,732,526,732,555,694,555,0.86943
761,422,830,422,830,447,761,447,0.8486111
708,421,754,421,754,449,708,449,0.87228274
868,419,910,419,910,447,868,447,0.8506791
835,419,864,419,864,451,835,451,0.8363706
831,384,900,384,900,413,831,413,0.8643731
773,384,828,384,828,414,773,414,0.86276716
706,384,768,384,768,410,706,410,0.8180011
242,67,327,67,327,120,242,120,0.92444485
607,67,655,67,655,125,607,125,0.7310227
670,59,838,59,838,121,670,121,0.82540435
344,58,464,58,464,129,344,129,0.93982786
481,55,594,58,592,131,479,128,0.90617067
162,57,232,57,232,123,162,123,0.88346905
