357,686,407,691,405,711,355,705,0.7907337
252,213,364,213,364,247,252,247,0.8846183
28,210,106,212,104,248,27,245,0.8912511
187,209,245,213,243,251,185,247,0.8403193
113,212,180,212,180,244,113,244,0.8892842
389,172,448,172,448,199,389,199,0.8157926
28,171,107,171,107,200,28,200,0.86476743
175,166,253,166,253,203,175,203,0.8730298
114,170,168,170,168,199,114,199,0.92547745
261,167,321,167,321,201,261,201,0.8743478
521,166,581,166,581,200,521,200,0.8818256
455,165,516,165,516,198,455,198,0.8570443
327,166,383,166,383,201,327,201,0.87367916
490,124,569,127,568,163,489,161,0.86935705
377,127,437,127,437,156,377,156,0.94961
303,127,367,127,367,156,303,156,0.91225725
179,125,241,125,241,162,179,162,0.9072198
135,125,175,125,175,164,135,164,0.87581056
444,125,484,125,484,157,444,157,0.9064281
247,120,295,124,293,158,245,155,0.8452856
78,121,130,125,128,159,76,156,0.86951333
24,123,74,123,74,158,24,158,0.86734664
135,62,271,60,272,83,135,85,0.8206428
134,27,197,27,197,50,134,50,0.9493653
