200,456,258,456,258,483,200,483,0.92112213
309,457,389,453,390,480,310,484,0.82341474
150,455,196,455,196,480,150,480,0.9427255
262,454,306,454,306,480,262,480,0.90787655
220,426,305,426,305,452,220,452,0.8922677
309,426,376,423,377,450,310,453,0.8914798
139,423,215,426,214,452,138,450,0.879188
56,424,134,427,134,450,56,448,0.85598826
381,425,437,425,437,449,381,449,0.9144739
441,424,485,424,485,449,441,449,0.9384738
129,49,201,53,200,80,128,77,0.8617792
418,51,464,51,464,81,418,81,0.8512119
315,52,367,49,369,78,317,81,0.85466826
253,52,314,52,314,76,253,76,0.88259506
371,50,416,53,415,78,370,75,0.8418661
202,50,252,50,252,78,202,78,0.89180297
77,51,123,51,123,76,77,76,0.88754404
362,23,407,25,406,46,361,43,0.8295824
291,21,359,21,359,48,291,48,0.88112324
214,21,273,21,273,49,214,49,0.8627666
409,20,455,20,455,49,409,49,0.8947265
146,16,193,19,192,48,144,45,0.8558614
88,18,143,21,142,46,87,43,0.83723116
271,23,289,19,294,44,277,48,0.66888076
193,19,215,19,215,47,193,47,0.8211628
