241,842,266,842,266,872,241,872,0.56184345
184,849,223,838,231,868,193,879,0.7291454
222,736,269,736,269,762,222,762,0.85934234
175,732,218,732,218,761,175,761,0.8299454
140,728,173,728,173,761,140,761,0.8908587
252,697,297,697,297,725,252,725,0.89774275
177,701,192,701,192,724,177,724,0.6308794
146,697,176,697,176,725,146,725,0.83674526
113,696,143,696,143,724,113,724,0.9222251
196,692,249,692,249,725,196,725,0.8664443
206,667,246,667,246,691,206,691,0.8557651
161,665,201,665,201,692,161,692,0.8995734
250,656,298,656,298,689,250,689,0.90946084
110,655,158,655,158,690,110,690,0.8130033
552,620,647,620,647,642,552,642,0.7285699
523,618,548,618,548,647,523,647,0.745445
55,96,98,96,98,114,55,114,0.8806753
104,92,157,92,157,114,104,114,0.8449366
235,90,286,93,285,116,233,112,0.76690686
160,91,198,91,198,118,160,118,0.80658185
200,89,233,89,233,115,200,115,0.84398746
268,66,294,66,294,88,268,88,0.7762037
140,65,173,65,173,89,140,89,0.873072
48,65,94,65,94,88,48,88,0.8700209
243,65,267,65,267,88,243,88,0.8283809
214,65,239,65,239,85,214,85,0.8014835
100,62,135,62,135,88,100,88,0.91664463
175,58,213,58,213,88,175,88,0.80872023
180,37,223,37,223,55,180,55,0.85475194
264,36,297,36,297,55,264,55,0.82572645
228,36,260,36,260,55,228,55,0.8212897
115,36,140,36,140,55,115,55,0.8355815
79,36,112,36,112,55,79,55,0.83547676
143,31,175,31,175,56,143,56,0.8180266
44,29,76,29,76,55,44,55,0.8732687
