185,847,250,847,250,878,185,878,0.8196454
107,842,170,842,170,874,107,874,0.90327656
262,844,328,839,331,872,265,877,0.7689862
191,811,280,811,280,841,191,841,0.8673984
293,811,339,807,342,841,296,844,0.8156289
92,806,179,809,178,844,91,841,0.8543018
94,776,203,776,203,810,94,810,0.8417103
216,777,302,774,303,808,217,812,0.84311765
312,770,342,770,342,809,312,809,0.90333325
228,534,286,534,286,562,228,562,0.81390643
134,529,216,529,216,560,134,560,0.847467
37,529,121,529,121,560,37,560,0.89313716
160,496,234,496,234,527,160,527,0.91964364
86,496,148,496,148,528,86,528,0.8622765
746,444,923,444,923,468,746,468,0.6833728
826,284,900,284,900,316,826,316,0.90459305
721,286,764,286,764,316,721,316,0.8682859
650,284,710,284,710,317,650,317,0.8806802
774,283,816,283,816,318,774,318,0.8746715
836,251,918,251,918,282,836,282,0.8978607
733,248,823,248,823,283,733,283,0.8875991
637,248,719,248,719,284,637,284,0.8381982
199,73,246,73,246,101,199,101,0.8176031
104,70,187,70,187,100,104,100,0.8997725
34,65,91,62,93,100,37,104,0.85284007
138,32,215,32,215,67,138,67,0.85295945
67,35,127,35,127,70,67,70,0.863104
