174,1555,247,1555,247,1584,174,1584,0.7392902
455,1549,538,1549,538,1596,455,1596,0.8426753
113,1550,173,1556,170,1580,111,1575,0.6768129
542,1547,617,1547,617,1596,542,1596,0.915962
865,1537,925,1532,927,1555,867,1560,0.70717967
123,1534,182,1534,182,1557,123,1557,0.7559872
183,1533,233,1528,235,1552,186,1558,0.6687124
576,1493,677,1510,670,1557,568,1541,0.7710141
423,1499,483,1499,483,1541,423,1541,0.8698788
489,1493,572,1493,572,1543,489,1543,0.8031278
900,1479,967,1481,966,1498,900,1495,0.67713016
827,1479,896,1479,896,1499,827,1499,0.7069468
487,1439,620,1447,617,1498,484,1490,0.817911
462,1440,484,1449,471,1483,449,1474,0.56880176
665,262,718,262,718,287,665,287,0.8317213
594,260,663,260,663,289,594,289,0.8102871
479,260,560,260,560,289,479,289,0.796884
398,260,473,260,473,289,398,289,0.75145394
720,258,789,258,789,289,720,289,0.72599643
564,260,599,260,599,285,564,285,0.7236755
356,260,392,260,392,287,356,287,0.84902674
305,260,352,260,352,285,305,285,0.81093585
597,233,635,233,635,258,597,258,0.7999392
702,231,750,231,750,254,702,254,0.75893533
638,226,700,232,698,256,636,251,0.70982295
554,231,594,231,594,256,554,256,0.7435993
350,229,518,229,518,256,350,256,0.63889664
528,231,548,231,548,254,528,254,0.6666078
619,144,756,144,756,212,619,212,0.7896514
483,132,613,132,613,194,483,194,0.83072037
275,130,364,130,364,198,275,198,0.88359517
226,134,261,134,261,179,226,179,0.61736923
757,128,820,122,826,201,763,206,0.80576015
370,122,477,122,477,194,370,194,0.88095784
835,128,865,128,865,175,835,175,0.68998873
