40,540,217,540,217,564,40,564,0.75203556
124,131,180,131,180,152,124,152,0.89800924
281,124,361,124,361,155,281,155,0.8562985
191,124,271,122,271,152,191,154,0.7958453
48,124,109,121,111,153,49,156,0.86568856
373,120,437,120,437,152,373,152,0.8574901
110,97,211,95,211,121,111,124,0.8042297
269,94,312,94,312,124,269,124,0.84044844
224,92,259,92,259,126,224,126,0.79121006
322,93,377,88,380,120,325,126,0.78134793
738,82,774,82,774,106,738,106,0.81795806
684,80,730,80,730,109,684,109,0.7905956
614,79,673,79,673,107,614,107,0.8994643
779,73,826,69,829,104,782,107,0.82066065
229,71,310,71,310,91,229,91,0.9250291
174,67,218,67,218,95,174,95,0.8563056
102,69,160,66,161,93,103,96,0.8213592
324,59,378,59,378,92,324,92,0.8649229
644,46,707,43,708,76,646,80,0.8130058
716,45,792,42,794,74,717,77,0.85046715
