197,735,289,737,288,782,196,780,0.8593526
297,736,372,733,374,780,298,782,0.8654094
381,736,429,736,429,774,381,774,0.9189451
39,738,68,738,68,774,39,774,0.76726896
73,734,143,734,143,773,73,773,0.91716605
151,734,190,734,190,776,151,776,0.85376275
132,672,316,672,316,689,132,689,0.79205054
130,640,215,643,215,660,129,658,0.761548
340,639,397,639,397,661,340,661,0.832517
293,638,332,638,332,661,293,661,0.8776055
225,638,287,638,287,660,225,660,0.85250616
456,308,501,310,499,385,453,383,0.55888486
217,131,322,131,322,179,217,179,0.9104513
443,133,542,130,543,171,444,174,0.898298
336,132,430,132,430,173,336,173,0.89763874
128,130,207,130,207,180,128,180,0.9106951
37,128,118,132,116,173,35,169,0.88172597
130,68,245,70,244,94,129,92,0.8214075
