218,543,286,539,288,580,219,583,0.8936716
437,540,501,540,501,574,437,574,0.88907284
156,538,215,540,213,580,154,578,0.9192556
386,540,432,540,432,574,386,574,0.9129115
291,538,338,538,338,581,291,581,0.9118415
80,540,122,540,122,575,80,575,0.930544
342,539,382,539,382,575,342,575,0.9044627
126,538,150,538,150,574,126,574,0.8943486
260,496,316,496,316,523,260,523,0.891695
96,488,169,491,168,532,95,529,0.904606
477,489,532,491,531,527,476,525,0.8769969
174,487,229,487,229,532,174,532,0.8886347
57,490,92,490,92,524,57,524,0.9109521
403,488,471,484,474,528,406,533,0.9028619
319,487,367,487,367,531,319,531,0.890838
232,488,256,488,256,525,232,525,0.874325
369,486,401,486,401,525,369,525,0.90589494
179,448,238,448,238,481,179,481,0.9160252
375,443,442,448,439,482,373,477,0.91018355
244,441,312,446,309,483,241,478,0.8886315
446,442,506,440,507,479,447,481,0.8975281
148,442,174,442,174,475,148,475,0.9085277
511,439,550,439,550,475,511,475,0.9324897
315,437,370,437,370,473,315,473,0.9135586
96,436,142,436,142,475,96,475,0.8990694
44,436,92,436,92,474,44,474,0.8868835
437,13,585,13,585,28,437,28,0.7452299
