38,1131,74,1131,74,1162,38,1162,0.5813674
94,1125,179,1128,178,1149,93,1146,0.5625433
30,1114,78,1114,78,1130,30,1130,0.5360476
318,889,422,893,421,909,318,906,0.6734593
350,868,423,872,422,888,349,885,0.65507156
252,867,354,870,354,887,252,883,0.6833576
658,424,801,424,801,486,658,486,0.8805676
560,424,645,424,645,488,560,488,0.9262858
399,423,474,423,474,489,399,489,0.8994901
484,416,552,416,552,489,484,489,0.9144782
393,317,486,322,482,403,389,398,0.88089806
634,316,756,316,756,402,634,402,0.8960647
562,319,622,316,626,401,566,404,0.85241723
766,320,813,320,813,400,766,400,0.89132357
496,318,555,318,555,387,496,387,0.88842237
324,192,466,192,466,282,324,282,0.9092596
585,177,771,177,771,280,585,280,0.9439536
151,176,305,172,308,281,154,286,0.936278
478,173,566,170,571,281,482,284,0.9113091
784,165,924,165,924,284,784,284,0.9227808
936,165,1054,165,1054,285,936,285,0.91146255
