764,799,894,799,894,824,764,824,0.7600476
728,801,750,801,750,831,728,831,0.5942048
674,515,743,518,742,545,673,542,0.84574807
752,510,808,510,808,539,752,539,0.86641634
772,476,809,476,809,497,772,497,0.810393
719,467,766,467,766,497,719,497,0.86489314
671,467,712,467,712,498,671,498,0.85366756
774,436,824,436,824,461,774,461,0.8988821
714,433,764,436,763,456,713,453,0.8510621
658,426,707,426,707,462,658,462,0.8587396
388,90,436,90,436,119,388,119,0.89180475
278,93,330,93,330,113,278,113,0.8438498
212,90,270,90,270,113,212,113,0.9261288
336,89,381,89,381,114,336,114,0.8662054
824,83,895,85,894,108,824,105,0.8213079
687,77,750,77,750,105,687,105,0.92454773
758,76,814,76,814,105,758,105,0.9035782
323,50,381,54,379,84,321,80,0.82923174
288,52,319,52,319,79,288,79,0.8870881
385,50,426,50,426,82,385,82,0.8545984
221,46,284,50,281,84,219,79,0.88250506
