1101,1155,1170,1155,1170,1170,1101,1170,0.7247977
981,1155,1092,1155,1092,1170,981,1170,0.7431421
88,1140,202,1140,202,1161,88,1161,0.80028105
45,1138,75,1138,75,1166,45,1166,0.69538534
1040,936,1138,936,1138,996,1040,996,0.90521467
730,930,867,930,867,990,730,990,0.90033615
885,928,1022,928,1022,988,885,988,0.94658065
82,930,192,930,192,987,82,987,0.91323125
205,928,319,923,322,986,207,991,0.8870224
592,924,712,920,715,985,594,989,0.88846296
453,921,576,921,576,988,453,988,0.9227569
336,922,440,922,440,988,336,988,0.9270976
862,292,1000,292,1000,342,862,342,0.9322049
716,290,840,290,840,352,716,352,0.9179135
556,291,693,291,693,345,556,345,0.8592079
255,288,395,288,395,344,255,344,0.86257756
414,281,538,286,536,347,412,343,0.86445343
136,282,240,282,240,345,136,345,0.8783105
1018,279,1106,279,1106,346,1018,346,0.8551597
671,203,829,211,826,277,668,269,0.86956644
488,203,649,209,646,274,485,268,0.8845214
847,208,936,208,936,262,847,262,0.9065496
322,199,468,203,467,263,321,259,0.8728869
