426,682,504,682,504,695,426,695,0.5484366
544,575,616,575,616,633,544,633,0.93450165
572,512,653,512,653,562,572,562,0.90646386
421,514,505,516,503,557,420,554,0.89430314
336,512,406,515,404,558,334,555,0.8902649
749,509,827,512,825,557,748,554,0.90795416
519,509,561,509,561,558,519,558,0.9018793
665,498,735,498,735,557,665,557,0.87920576
486,355,567,358,565,414,484,411,0.9106742
579,347,674,347,674,415,579,415,0.89666253
167,329,198,321,203,340,173,349,0.7309445
162,312,203,305,205,323,165,330,0.76041806
444,280,528,284,525,340,441,335,0.8461729
302,285,428,285,428,326,302,326,0.9186927
685,283,773,283,773,327,685,327,0.92021865
606,273,671,273,671,329,606,329,0.933033
783,269,863,267,865,328,785,330,0.89135563
534,271,594,269,596,328,536,329,0.88398796
540,222,616,222,616,250,540,250,0.87358695
777,207,851,207,851,252,777,252,0.9059889
630,209,697,206,699,250,632,253,0.8886506
369,207,461,207,461,251,369,251,0.8835357
311,210,352,210,352,252,311,252,0.8888635
474,207,528,207,528,253,474,253,0.90643466
709,194,768,194,768,252,709,252,0.9265674
