87,1140,202,1140,202,1161,87,1161,0.795455
46,1136,77,1141,72,1167,42,1161,0.67906463
480,908,512,908,512,924,480,924,0.66011107
272,879,452,879,452,939,272,939,0.90691954
542,874,723,878,722,942,541,939,0.91207236
759,870,928,870,928,942,759,942,0.90985996
459,795,489,795,489,812,459,812,0.7718091
522,759,723,762,722,843,520,840,0.87263554
248,766,434,766,434,827,248,827,0.88955295
758,756,946,756,946,830,758,830,0.8898784
478,682,509,682,509,699,478,699,0.7229916
268,656,450,656,450,716,268,716,0.90020543
738,650,927,650,927,728,738,728,0.89175254
540,644,712,649,710,733,538,728,0.83269143
438,572,470,572,470,588,438,588,0.74934906
229,544,408,544,408,603,229,603,0.9234361
768,543,956,543,956,603,768,603,0.9287424
500,540,740,543,739,605,499,601,0.9086808
758,243,984,246,983,315,757,312,0.9089788
465,237,734,237,734,300,465,300,0.90964514
220,234,435,234,435,303,220,303,0.9054025
317,159,531,159,531,216,317,216,0.9007615
823,147,1089,147,1089,216,823,216,0.9211914
105,144,292,144,292,220,105,220,0.90875584
561,140,795,140,795,219,561,219,0.90880954
499,66,681,69,680,129,498,126,0.8838058
300,52,476,52,476,130,300,130,0.9316331
120,51,282,51,282,130,120,130,0.92992437
832,51,950,51,950,130,832,130,0.92674315
698,51,813,51,813,130,698,130,0.88888633
963,44,1082,44,1082,132,963,132,0.9077673
