734,916,859,916,859,941,734,941,0.72868985
694,913,727,913,727,947,694,947,0.84829575
276,576,332,576,332,610,276,610,0.9263426
186,571,267,571,267,611,186,611,0.8708095
123,570,176,570,176,611,123,611,0.88046956
217,535,258,535,258,564,217,564,0.89362776
161,529,213,529,213,565,161,565,0.8246603
261,528,294,525,298,562,265,566,0.8005409
715,217,748,217,748,242,715,242,0.86951333
756,212,820,212,820,244,756,244,0.91661525
683,211,709,211,709,244,683,244,0.79375964
684,175,731,175,731,202,684,202,0.88216627
776,169,820,169,820,203,776,203,0.87638146
737,169,770,169,770,202,737,202,0.8718433
360,150,484,150,484,170,360,170,0.8759718
285,148,352,148,352,173,285,173,0.86227816
88,142,137,142,137,174,88,174,0.8798339
247,142,280,142,280,174,247,174,0.91486967
210,140,241,140,241,175,210,175,0.8393252
142,138,203,138,203,174,142,174,0.93550134
319,103,375,103,375,136,319,136,0.8692648
382,100,462,100,462,131,382,131,0.8643043
295,103,314,103,314,131,295,131,0.75403184
162,98,223,98,223,130,162,130,0.93717766
113,97,154,97,154,132,113,132,0.8545008
230,92,291,92,291,131,230,131,0.8852205
148,60,208,60,208,86,148,86,0.8640092
393,55,452,55,452,88,393,88,0.9165495
329,54,386,54,386,91,329,91,0.8452584
73,55,139,55,139,86,73,86,0.90156966
283,54,325,54,325,89,283,89,0.9175103
461,53,506,53,506,88,461,88,0.8932629
216,47,277,47,277,89,216,89,0.8988575
