399,928,596,928,596,976,399,976,0.8751772
702,761,806,761,806,796,702,796,0.85479355
336,760,411,760,411,804,336,804,0.8642819
625,760,694,760,694,798,625,798,0.8895452
526,761,616,761,616,794,526,794,0.93143153
176,758,226,761,223,804,173,802,0.8294378
468,757,518,761,516,798,465,794,0.8362868
416,759,462,759,462,804,416,804,0.8932785
231,759,290,759,290,798,231,798,0.8643212
296,760,329,760,329,799,296,799,0.8931635
276,711,365,711,365,752,276,752,0.8448411
94,707,191,712,189,753,92,748,0.85769296
518,712,586,712,586,746,518,746,0.923189
664,710,731,710,731,748,664,748,0.88122225
596,711,655,711,655,746,596,746,0.8946681
430,710,509,710,509,746,430,746,0.92086416
374,711,421,711,421,748,374,748,0.9012271
197,710,269,710,269,747,197,747,0.8722218
842,710,890,710,890,746,842,746,0.9131257
794,710,836,710,836,748,794,748,0.8846312
738,708,790,708,790,749,738,749,0.85097575
637,663,741,658,743,699,639,704,0.8315163
421,661,511,661,511,702,421,702,0.9128343
750,660,820,660,820,704,750,704,0.8530675
521,656,628,659,627,704,520,701,0.8600564
270,661,324,661,324,704,270,704,0.88740605
168,661,260,661,260,698,168,698,0.8158613
334,660,411,660,411,696,334,696,0.8995733
826,660,872,660,872,698,826,698,0.8559367
109,659,162,659,162,699,109,699,0.85786915
228,611,351,611,351,651,228,651,0.90675974
516,611,619,611,619,646,516,646,0.9111344
439,610,508,610,508,655,439,655,0.87163574
362,610,434,610,434,648,362,648,0.88942844
664,617,760,603,765,643,669,657,0.61426693
625,608,662,608,662,649,625,649,0.8186157
656,568,729,568,729,600,656,600,0.8418801
82,568,150,564,152,593,83,597,0.8555674
737,563,806,560,808,595,739,598,0.8371215
316,560,390,560,390,604,316,604,0.89421815
158,562,229,562,229,596,158,596,0.8881531
818,560,898,560,898,598,818,598,0.8752966
396,560,490,560,490,598,396,598,0.87097335
549,559,610,559,610,598,549,598,0.904021
498,560,544,560,544,598,498,598,0.9153643
614,560,649,560,649,598,614,598,0.83498347
236,556,310,556,310,599,236,599,0.877383
294,510,413,513,412,553,293,550,0.88741547
782,512,866,512,866,545,782,545,0.9179132
642,506,736,511,733,553,639,548,0.8629415
496,510,558,510,558,555,496,555,0.9250254
116,510,209,510,209,546,116,546,0.8916996
564,509,634,509,634,548,564,548,0.88912135
741,510,772,510,772,554,741,554,0.7655018
421,508,489,508,489,548,421,548,0.8918595
216,508,285,505,287,544,218,548,0.8450978
378,468,481,468,481,502,378,502,0.8584226
488,463,591,458,593,501,490,506,0.86926454
91,464,158,464,158,496,91,496,0.9321621
602,460,670,460,670,504,602,504,0.9148277
276,460,366,460,366,502,276,502,0.89464194
844,461,896,461,896,496,844,496,0.8625928
756,460,836,460,836,496,756,496,0.8815765
199,461,266,461,266,495,199,495,0.885228
680,459,749,459,749,498,680,498,0.86990994
164,462,191,462,191,498,164,498,0.7657155
777,410,867,413,865,455,776,452,0.8716897
300,412,366,412,366,452,300,452,0.886918
476,411,559,411,559,449,476,449,0.9228669
571,411,639,411,639,445,571,445,0.8873241
192,411,239,411,239,448,192,448,0.852795
113,412,188,408,189,446,115,449,0.85762936
724,410,771,410,771,448,724,448,0.8441055
650,409,718,409,718,446,650,446,0.8955668
244,410,290,410,290,448,244,448,0.8564754
430,410,466,410,466,446,430,446,0.8404676
376,409,424,409,424,446,376,446,0.86725163
16,18,85,18,85,44,16,44,0.76452583
90,16,138,16,138,40,90,40,0.780071
