460,302,508,303,508,314,460,313,0.7734765
432,302,451,302,451,314,432,314,0.8473811
568,283,587,284,586,299,567,298,0.77295554
548,284,567,284,567,298,548,298,0.8331179
526,284,543,284,543,297,526,297,0.7829888
439,283,466,284,465,297,438,296,0.83395606
504,283,527,284,526,298,503,297,0.8178252
468,283,496,283,496,296,468,296,0.84616375
366,283,388,283,388,297,366,297,0.8318822
388,281,405,282,405,295,387,295,0.76733226
504,267,524,267,524,279,504,279,0.809802
537,266,570,266,570,278,537,278,0.8389023
570,264,597,265,596,282,569,281,0.8307882
480,265,504,265,504,280,480,280,0.86052024
443,264,472,266,471,280,442,279,0.83092666
413,264,443,264,443,280,413,280,0.82934
383,264,412,264,412,279,383,279,0.8329015
473,266,481,266,481,280,473,280,0.6086054
354,263,382,264,381,277,354,276,0.88503647
451,245,476,245,476,262,451,262,0.88931245
407,244,450,244,450,261,407,261,0.8481908
367,244,407,245,407,261,366,260,0.7729893
306,179,324,176,327,196,308,199,0.66968614
469,77,482,77,482,86,469,86,0.8347013
522,76,534,77,533,88,521,88,0.7650976
446,76,467,76,467,86,446,86,0.8744141
426,76,445,76,445,87,426,87,0.7599621
499,75,520,75,520,87,499,87,0.82224816
484,75,498,75,498,86,484,86,0.796145
448,64,476,64,476,74,448,74,0.75242406
479,63,510,63,510,74,479,74,0.8380378
367,63,391,63,391,74,367,74,0.9121162
425,62,445,62,445,73,425,73,0.78019387
393,62,423,62,423,73,393,73,0.78837526
513,61,525,61,525,72,513,72,0.8423223
546,59,574,59,574,74,546,74,0.83656836
527,60,545,60,545,72,527,72,0.77284026
574,60,593,58,594,71,574,72,0.75822085
496,48,535,48,535,59,496,59,0.81275034
438,34,457,34,457,40,438,40,0.55805653
409,34,436,33,436,41,410,42,0.6855067
462,33,474,32,474,40,463,41,0.5870857
507,32,528,32,528,42,507,42,0.842781
529,31,553,31,553,43,529,43,0.8626626
474,32,491,31,492,41,475,42,0.7329009
491,31,506,31,506,42,491,42,0.75624096
331,2,378,2,378,26,331,26,0.85667944
383,1,463,0,464,23,384,25,0.8824637
471,1,545,1,545,23,471,23,0.8403213
551,0,600,0,600,22,551,22,0.8633151
