79,900,248,900,248,932,79,932,0.7811564
22,898,67,898,67,942,22,942,0.8634846
239,431,279,434,273,535,233,532,0.6598312
270,290,366,293,365,333,268,330,0.86601377
383,286,467,286,467,322,383,322,0.9348026
481,283,580,283,580,322,481,322,0.88670784
594,282,697,282,697,322,594,322,0.89783704
493,222,590,222,590,268,493,268,0.9399803
280,221,377,221,377,270,280,270,0.92893565
603,217,683,227,677,274,597,264,0.8556333
389,220,481,220,481,271,389,271,0.89357513
199,219,271,223,269,263,197,260,0.87249506
686,218,767,218,767,260,686,260,0.8765772
779,210,838,210,838,263,779,263,0.8650078
137,200,196,208,189,263,129,255,0.87139434
262,168,336,168,336,199,262,199,0.90058696
476,158,593,158,593,206,476,206,0.9029777
606,160,706,160,706,199,606,199,0.9079521
348,158,461,158,461,198,348,198,0.87561196
493,106,565,103,567,134,494,137,0.8671139
166,98,248,94,250,135,168,138,0.8874948
702,95,799,95,799,140,702,140,0.85432535
580,96,692,96,692,136,580,136,0.9196535
386,95,479,95,479,140,386,140,0.8913495
262,96,373,96,373,136,262,136,0.9126497
