674,779,739,779,739,805,674,805,0.84845364
616,778,662,778,662,806,616,806,0.8835362
751,770,841,766,843,806,752,809,0.8316867
661,744,794,744,794,768,661,768,0.84490955
763,509,806,509,806,544,763,544,0.79804385
644,502,680,502,680,541,644,541,0.697132
687,504,753,498,756,536,690,541,0.84299546
114,433,180,433,180,458,114,458,0.85215807
159,394,207,391,210,424,161,428,0.86359537
86,392,146,392,146,427,86,427,0.85374457
76,365,136,365,136,392,76,392,0.87870187
150,356,221,356,221,394,150,394,0.8704715
596,151,659,151,659,178,596,178,0.919688
758,144,862,144,862,179,758,179,0.8492682
671,144,743,144,743,179,671,179,0.8907787
672,116,734,116,734,143,672,143,0.89066637
746,109,788,109,788,145,746,145,0.8580681
745,35,924,35,924,59,745,59,0.6818231
