172,682,192,682,192,697,172,697,0.81054217
183,624,207,624,207,635,183,635,0.78061754
148,620,181,622,180,639,146,637,0.7661805
192,602,228,602,228,620,192,620,0.7889695
286,601,317,601,317,619,286,619,0.81735146
264,603,283,599,286,617,267,620,0.73355
231,600,264,602,263,621,230,619,0.8023561
167,602,190,602,190,617,167,617,0.8142407
147,602,166,602,166,617,147,617,0.79821384
137,567,176,565,177,581,138,583,0.8388926
231,546,267,546,267,563,231,563,0.78254634
208,546,228,546,228,562,208,562,0.7821251
184,546,206,546,206,561,184,561,0.78926265
136,547,159,544,161,560,138,562,0.77798116
287,545,305,545,305,562,287,562,0.7343641
270,545,285,545,285,562,270,562,0.78010404
161,546,181,543,183,560,163,563,0.7191284
211,530,237,530,237,544,211,544,0.7716121
241,529,268,529,268,543,241,543,0.8407098
149,528,185,528,185,545,149,545,0.82659423
292,528,315,528,315,543,292,543,0.82556224
187,528,209,528,209,546,187,546,0.8327831
270,527,291,527,291,543,270,543,0.7810041
70,485,91,485,91,495,70,495,0.84587383
215,484,232,484,232,495,215,495,0.8623418
252,482,276,482,276,496,252,496,0.7868051
234,483,249,483,249,495,234,495,0.8097633
187,483,211,483,211,494,187,494,0.88323957
94,480,139,482,138,499,93,497,0.7356511
162,481,182,481,182,496,162,496,0.7484895
142,481,161,481,161,496,142,496,0.8114128
194,467,218,467,218,477,194,477,0.82043296
250,463,277,465,276,478,249,476,0.7385742
81,466,110,466,110,476,81,476,0.8079976
114,464,141,464,141,477,114,477,0.73231095
220,464,245,462,247,477,222,479,0.7077709
172,463,191,463,191,478,172,478,0.805966
144,463,170,463,170,477,144,477,0.86716086
100,423,133,426,132,443,99,441,0.76393485
69,426,98,426,98,440,69,440,0.8188336
145,411,181,411,181,424,145,424,0.8559403
228,410,255,410,255,424,228,424,0.82870597
183,411,197,411,197,424,183,424,0.71627086
258,410,280,410,280,421,258,421,0.7896358
79,409,105,409,105,423,79,423,0.80770165
200,407,226,407,226,422,200,422,0.8253376
109,407,141,407,141,421,109,421,0.830661
179,363,192,363,192,374,179,374,0.5256467
231,360,267,360,267,378,231,378,0.8313438
149,360,174,360,174,379,149,379,0.8322253
116,361,147,361,147,377,116,377,0.8956501
270,360,291,360,291,377,270,377,0.8263778
198,360,228,360,228,376,198,376,0.83146244
193,342,231,342,231,359,193,359,0.8083299
270,341,298,341,298,359,270,359,0.7950504
235,342,267,342,267,356,235,356,0.835051
127,342,160,342,160,356,127,356,0.87478256
302,342,314,342,314,359,302,359,0.77733016
174,340,192,340,192,357,174,357,0.7690551
271,294,301,294,301,312,271,312,0.85345006
220,295,248,295,248,311,220,311,0.7730721
302,294,317,294,317,311,302,311,0.7261803
250,294,270,294,270,311,250,311,0.7631153
185,293,219,293,219,311,185,311,0.79040384
152,294,172,294,172,311,152,311,0.8185264
130,294,152,294,152,311,130,311,0.77535427
176,251,204,251,204,264,176,264,0.78774995
115,249,151,249,151,266,115,266,0.77462274
155,250,174,250,174,263,155,263,0.83376616
70,248,96,248,96,263,70,263,0.8192024
97,246,113,246,113,264,97,264,0.7107726
185,201,214,201,214,219,185,219,0.8296414
150,202,183,202,183,216,150,216,0.8410956
215,200,236,200,236,216,215,216,0.8102508
270,182,298,182,298,200,270,200,0.8390207
232,183,266,183,266,197,232,197,0.85653996
202,183,231,183,231,197,202,197,0.8328917
151,182,199,182,199,199,151,199,0.7711966
298,182,318,182,318,198,298,198,0.8304142
139,136,159,136,159,151,139,151,0.73818094
100,137,116,137,116,150,100,150,0.78428876
118,135,138,135,138,150,118,150,0.7777385
70,135,96,135,96,150,70,150,0.82015145
298,87,318,89,316,105,296,103,0.69280016
158,58,185,58,185,72,158,72,0.76822144
130,58,155,58,155,72,130,72,0.73315746
101,57,129,59,127,74,100,71,0.7400159
309,42,330,42,330,64,309,64,0.78464895
215,38,242,47,235,68,208,58,0.5887854
131,38,175,38,175,55,131,55,0.8491056
101,38,126,38,126,53,101,53,0.78092885
12,11,45,11,45,25,12,25,0.62849224
62,11,78,11,78,23,62,23,0.69805086
45,11,60,11,60,24,45,24,0.6668242
286,9,337,9,337,25,286,25,0.6845835
75,10,93,10,93,23,75,23,0.68253934
