119,747,245,747,245,788,119,788,0.86026186
459,746,560,746,560,788,459,788,0.91322464
354,737,454,737,454,797,354,797,0.9286249
254,737,348,737,348,791,254,791,0.9191029
122,65,189,65,189,92,122,92,0.89305186
333,63,381,65,379,100,331,97,0.8720133
270,65,325,65,325,93,270,93,0.9438293
480,60,544,60,544,99,480,99,0.9056254
390,60,470,60,470,93,390,93,0.9092762
197,56,261,53,263,93,199,96,0.8921841
441,16,519,16,519,55,441,55,0.8951218
139,17,230,17,230,50,139,50,0.8849959
527,15,634,15,634,51,527,51,0.8586855
360,15,432,15,432,55,360,55,0.8851876
239,16,305,16,305,51,239,51,0.85469335
311,16,353,16,353,51,311,51,0.87756324
34,15,129,15,129,49,34,49,0.9456481
