852,1114,954,1114,954,1180,852,1180,0.8866639
716,1110,842,1110,842,1179,716,1179,0.901001
248,1113,525,1113,525,1160,248,1160,0.8339168
550,1113,696,1113,696,1162,550,1162,0.94191957
27,1031,214,1027,215,1092,28,1095,0.92981404
845,1034,1031,1025,1034,1090,848,1099,0.9041674
474,1030,622,1030,622,1080,474,1080,0.8851792
642,1028,765,1028,765,1083,642,1083,0.91297066
359,1027,459,1027,459,1084,359,1084,0.91131026
777,1026,832,1026,832,1086,777,1086,0.9113325
232,1020,348,1020,348,1083,232,1083,0.93598926
1048,1017,1173,1017,1173,1084,1048,1084,0.90424955
242,947,431,941,433,1007,244,1013,0.88639855
837,942,987,942,987,1008,837,1008,0.8938779
444,940,565,940,565,1017,444,1017,0.86100435
1004,935,1151,941,1148,1015,1001,1009,0.9082215
578,942,670,942,670,1000,578,1000,0.87948227
158,944,232,944,232,1000,158,1000,0.9118208
681,934,823,938,820,1013,679,1009,0.9002182
50,938,142,938,142,998,50,998,0.9221075
745,852,908,852,908,912,745,912,0.92086655
598,850,726,850,726,914,598,914,0.9146552
445,849,583,852,581,915,443,912,0.9213186
290,850,428,850,428,916,290,916,0.9065682
27,27,183,22,185,66,28,71,0.81527734
