193,718,208,718,208,730,193,730,0.6414894
418,702,502,707,500,742,416,737,0.8681043
278,702,338,705,336,743,276,740,0.83709776
103,704,187,701,188,740,104,742,0.9188546
765,702,853,702,853,740,765,740,0.89261913
678,703,756,700,757,740,680,742,0.8948996
586,702,670,702,670,736,586,736,0.8660695
216,703,270,703,270,741,216,741,0.8961407
511,701,579,701,579,736,511,736,0.85532266
345,701,407,701,407,737,345,737,0.8954286
206,630,352,630,352,675,206,675,0.89880794
368,629,452,629,452,678,368,678,0.9446244
669,629,769,629,769,672,669,672,0.9129326
463,629,586,629,586,670,463,670,0.9066257
772,632,796,632,796,653,772,653,0.78875405
597,627,657,627,657,671,597,671,0.90542555
132,627,192,625,193,669,133,671,0.8988227
746,582,827,582,827,610,746,610,0.9126676
649,571,733,571,733,618,649,618,0.9033545
356,574,468,571,469,609,357,611,0.89905006
840,572,911,572,911,612,840,612,0.9147741
183,570,261,567,263,618,185,621,0.89966446
25,571,172,571,172,611,25,611,0.87562037
272,568,343,568,343,619,272,619,0.9308383
571,570,638,570,638,612,571,612,0.90698576
482,568,562,568,562,611,482,611,0.95907396
102,486,174,486,174,498,102,498,0.5732925
297,53,331,53,331,66,297,66,0.66630834
252,53,286,53,286,66,252,66,0.7949891
233,54,253,54,253,67,233,67,0.6682861
196,53,231,53,231,66,196,66,0.7474099
174,54,196,54,196,65,174,65,0.7396674
702,27,933,27,933,90,702,90,0.8686251
71,38,144,38,144,65,71,65,0.82199514
216,38,277,38,277,51,216,51,0.76560795
173,38,212,38,212,51,173,51,0.800514
