431,610,487,610,487,635,431,635,0.94847876
913,609,965,609,965,635,913,635,0.92592
533,608,584,608,584,635,533,635,0.84065384
98,609,131,609,131,636,98,636,0.8636258
973,606,1050,606,1050,635,973,635,0.88556427
204,606,267,606,267,635,204,635,0.9368051
137,605,196,605,196,635,137,635,0.8629538
493,606,531,606,531,635,493,635,0.88178223
591,606,706,602,707,633,592,638,0.81587076
1019,573,1089,573,1089,599,1019,599,0.92052835
980,573,1013,573,1013,600,980,600,0.8789447
874,572,972,572,972,599,874,599,0.888557
557,571,649,571,649,599,557,599,0.81518817
488,571,549,571,549,600,488,600,0.90539813
168,568,227,568,227,598,168,598,0.86017793
235,569,320,566,321,599,236,602,0.85998476
125,569,161,569,161,600,125,600,0.8706928
44,568,119,566,120,599,45,601,0.8767346
498,538,583,538,583,566,498,566,0.8050615
925,537,984,537,984,567,925,567,0.9124379
592,536,639,536,639,568,592,568,0.90408975
106,534,208,536,208,562,105,560,0.8729874
58,536,98,536,98,564,58,564,0.8709336
854,534,919,534,919,564,854,564,0.8708349
645,532,706,532,706,565,645,565,0.8722813
430,533,491,533,491,564,430,564,0.881839
264,533,309,533,309,565,264,565,0.8989595
1053,532,1109,532,1109,564,1053,564,0.87413687
989,530,1048,530,1048,564,989,564,0.88230336
217,531,257,531,257,564,217,564,0.898371
954,515,1008,515,1008,524,954,524,0.76126033
504,498,571,498,571,527,504,527,0.8359895
430,496,498,498,497,528,429,526,0.8844805
280,498,347,498,347,527,280,527,0.917398
197,498,272,498,272,526,197,526,0.88746893
108,498,189,498,189,526,108,526,0.92274654
577,497,639,497,639,527,577,527,0.89612335
19,495,99,495,99,527,19,527,0.9343473
647,494,704,494,704,528,647,528,0.9319936
921,429,1039,427,1040,465,922,467,0.9032436
509,427,626,427,626,468,509,468,0.8630352
122,428,203,428,203,464,122,464,0.84549385
215,425,245,427,243,466,213,464,0.7100463
242,148,377,148,377,186,242,186,0.92526734
503,145,640,145,640,189,503,189,0.86471784
656,136,780,138,779,189,655,187,0.9278736
797,133,912,133,912,189,797,189,0.9434113
391,129,490,129,490,192,391,192,0.88793004
876,75,997,75,997,136,876,136,0.9220768
711,78,860,74,861,125,712,128,0.91241693
289,75,371,75,371,138,289,138,0.9381987
603,75,697,75,697,129,603,129,0.92695355
153,74,277,74,277,129,153,129,0.9198628
505,71,593,74,592,130,503,127,0.90687835
383,72,496,72,496,129,383,129,0.8999664
1009,8,1143,14,1140,77,1006,71,0.8939248
