162,824,248,826,247,849,162,846,0.8173824
287,823,343,823,343,851,287,851,0.8678995
108,825,155,825,155,846,108,846,0.83794785
24,820,102,820,102,852,24,852,0.80065244
254,823,282,823,282,847,254,847,0.843654
77,726,154,730,152,758,76,753,0.7993321
21,725,72,728,71,758,19,754,0.83483213
227,695,280,699,279,727,226,724,0.84080046
110,697,160,697,160,727,110,727,0.8609717
166,697,222,697,222,722,166,722,0.82139146
61,696,105,696,105,722,61,722,0.8822867
19,696,58,696,58,722,19,722,0.85210735
76,666,132,666,132,695,76,695,0.8819962
294,664,342,667,340,696,292,693,0.8325179
200,666,248,666,248,692,200,692,0.82277805
138,665,196,665,196,694,138,694,0.85267496
252,665,290,665,290,692,252,692,0.86003524
19,664,71,664,71,689,19,689,0.889627
504,637,573,637,573,661,504,661,0.88093257
362,635,404,639,403,665,361,662,0.82945925
132,636,183,636,183,664,132,664,0.88448405
579,636,644,633,645,661,580,663,0.8510359
441,637,471,637,471,660,441,660,0.7952655
245,637,285,637,285,659,245,659,0.9027482
65,635,125,635,125,663,65,663,0.8607949
651,633,694,637,692,663,649,659,0.83538896
408,635,437,635,437,664,408,664,0.840252
290,635,333,635,333,660,290,660,0.8181043
17,634,61,634,61,663,17,663,0.8631136
336,635,361,635,361,660,336,660,0.7665316
186,633,238,633,238,662,186,662,0.8426833
474,634,497,634,497,660,474,660,0.79196686
365,610,411,610,411,626,365,626,0.8197922
622,605,673,605,673,630,622,630,0.801001
210,605,264,605,264,630,210,630,0.9238077
100,606,137,606,137,628,100,628,0.8317214
518,603,564,603,564,633,518,633,0.85151607
454,603,512,603,512,626,454,626,0.77617615
317,604,360,604,360,628,317,628,0.83320475
419,604,449,604,449,627,419,627,0.88206404
271,603,313,603,313,628,271,628,0.80716735
569,602,617,602,617,627,569,627,0.87350005
174,602,205,602,205,629,174,629,0.8510759
140,602,171,602,171,629,140,629,0.8510447
46,601,95,601,95,631,46,631,0.89018834
17,603,42,603,42,628,17,628,0.8255505
615,575,671,575,671,600,615,600,0.8319836
495,574,565,574,565,601,495,601,0.89090264
330,575,373,575,373,600,330,600,0.9179649
282,572,324,575,322,601,280,598,0.7990326
439,572,489,572,489,597,439,597,0.8457102
156,571,202,571,202,601,156,601,0.8729227
102,571,151,571,151,601,102,601,0.880822
379,571,434,571,434,595,379,595,0.88379884
245,571,279,571,279,598,245,598,0.84373397
206,571,242,571,242,599,206,599,0.8613885
18,572,47,572,47,597,18,597,0.8907227
55,570,98,570,98,597,55,597,0.89849985
569,570,606,568,608,596,570,599,0.8359279
440,546,483,546,483,566,440,566,0.77294
618,539,678,542,676,571,617,568,0.81563
551,542,612,542,612,566,551,566,0.8431188
489,542,544,542,544,566,489,566,0.8306499
126,541,176,541,176,569,126,569,0.9219566
70,541,122,541,122,569,70,569,0.8584226
352,542,381,542,381,566,352,566,0.7950573
329,543,349,543,349,569,329,569,0.8282648
287,541,324,541,324,569,287,569,0.863234
235,538,282,541,280,571,233,568,0.82762676
19,538,65,541,63,571,17,568,0.8599179
387,539,435,539,435,569,387,569,0.845007
180,539,230,539,230,567,180,567,0.88368
215,515,258,515,258,534,215,534,0.84114736
19,515,56,515,56,536,19,536,0.8558895
508,511,565,511,565,535,508,535,0.7392821
329,510,400,510,400,538,329,538,0.813009
406,510,462,510,462,534,406,534,0.82673323
167,509,210,509,210,540,167,540,0.8417517
62,506,118,511,116,540,59,536,0.8424395
467,509,502,509,502,538,467,538,0.8467047
296,510,325,510,325,534,296,534,0.86525303
264,509,291,509,291,534,264,534,0.84484094
122,506,164,506,164,536,122,536,0.84812176
276,483,318,483,318,503,276,503,0.81241894
619,480,662,480,662,504,619,504,0.8717694
571,479,614,479,614,503,571,503,0.90860546
521,479,567,479,567,504,521,504,0.8073808
237,480,270,480,270,503,237,503,0.9106368
196,480,231,480,231,504,196,504,0.8611385
146,477,191,477,191,507,146,507,0.8466219
428,477,482,477,482,501,428,501,0.8622911
380,477,421,477,421,504,380,504,0.7934816
324,475,377,478,375,507,322,504,0.83703387
64,476,135,476,135,504,64,504,0.8287047
18,476,58,476,58,503,18,503,0.8556428
488,475,518,475,518,504,488,504,0.8202028
621,451,664,451,664,472,621,472,0.86195683
417,445,491,448,490,476,416,473,0.8417829
204,449,262,449,262,473,204,473,0.851284
152,450,197,450,197,471,152,471,0.86302286
580,449,615,449,615,471,580,471,0.8607969
549,449,574,449,574,472,549,472,0.8391032
369,448,412,448,412,472,369,472,0.85635436
322,445,365,448,363,478,320,475,0.8412265
268,448,317,448,317,472,268,472,0.874956
19,448,64,448,64,474,19,474,0.83181834
109,447,146,447,146,473,109,473,0.8191338
70,447,105,447,105,473,70,473,0.88299346
497,446,543,446,543,471,497,471,0.86502653
476,421,516,421,516,440,476,440,0.8422801
279,419,324,422,323,442,278,439,0.8169846
522,417,569,417,569,442,522,442,0.8527649
151,417,195,417,195,444,151,444,0.8540785
66,415,142,418,141,444,65,441,0.8783839
386,414,469,418,467,445,384,441,0.8307202
613,416,648,416,648,440,613,440,0.82370687
576,416,606,416,606,439,576,439,0.7948007
239,415,276,415,276,441,239,441,0.8268868
199,415,237,415,237,441,199,441,0.8697918
18,415,61,415,61,440,18,440,0.86910933
650,415,673,415,673,441,650,441,0.7907654
328,411,380,415,378,445,326,442,0.8716102
378,389,419,389,419,410,378,410,0.8208474
460,388,486,388,486,413,460,413,0.80316824
426,388,455,388,455,412,426,412,0.8796026
166,389,195,389,195,409,166,409,0.8931167
200,382,260,385,258,413,199,410,0.833187
18,383,79,386,77,414,17,411,0.8302726
627,385,662,385,662,412,627,412,0.91451854
491,386,520,386,520,409,491,409,0.8751699
331,385,372,385,372,410,331,410,0.9077318
118,385,160,385,160,410,118,410,0.82387406
559,382,620,382,620,412,559,412,0.783404
526,385,552,385,552,410,526,410,0.87825817
82,383,114,383,114,411,82,411,0.844079
302,383,327,383,327,410,302,410,0.7827131
264,381,300,381,300,414,264,414,0.8388169
55,356,101,359,100,381,53,378,0.78714454
489,354,559,354,559,381,489,381,0.8406551
359,353,435,355,434,383,358,380,0.8538801
249,354,308,354,308,382,249,382,0.85243684
641,352,681,355,679,383,639,380,0.8486763
564,350,636,353,635,382,563,379,0.81998724
196,353,244,353,244,382,196,382,0.84634477
311,353,351,353,351,378,311,378,0.8671168
161,354,192,354,192,377,161,377,0.86035585
108,352,154,352,154,377,108,377,0.8968182
440,351,483,351,483,377,440,377,0.87348133
18,350,50,350,50,378,18,378,0.81452066
60,327,117,327,117,350,60,350,0.884155
433,327,477,327,477,347,433,347,0.73422027
123,323,181,326,180,351,122,348,0.8272452
595,323,633,323,633,350,595,350,0.8896808
188,323,232,323,232,347,188,347,0.906213
18,323,55,323,55,351,18,351,0.8519152
527,323,563,320,565,349,529,351,0.835097
481,322,523,322,523,347,481,347,0.8628979
295,322,333,322,333,350,295,350,0.85949004
237,324,287,321,289,345,239,348,0.8634491
566,322,590,321,592,348,568,350,0.78509
334,320,377,320,377,352,334,352,0.70021087
636,319,688,319,688,347,636,347,0.8558877
380,319,429,319,429,349,380,349,0.8566479
471,292,530,292,530,320,471,320,0.84956026
536,292,582,292,582,316,536,316,0.87631017
425,292,467,292,467,320,425,320,0.8507363
589,292,622,292,622,315,589,315,0.8637932
373,292,403,292,403,315,373,315,0.8786392
339,292,370,292,370,315,339,315,0.85690343
180,291,243,291,243,315,180,315,0.8534671
19,291,66,291,66,315,19,315,0.9078782
407,293,420,293,420,314,407,314,0.6019774
104,286,175,289,174,322,102,319,0.82950246
71,291,100,291,100,315,71,315,0.8561251
629,288,671,288,671,317,629,317,0.8080665
296,288,332,288,332,315,296,315,0.86059606
250,288,290,288,290,315,250,315,0.83472097
437,261,492,261,492,286,437,286,0.8431772
292,262,343,262,343,283,292,283,0.7936759
244,261,287,261,287,286,244,286,0.860407
149,261,191,261,191,290,149,290,0.8216695
626,260,676,260,676,284,626,284,0.81102794
350,261,381,261,381,283,350,283,0.8705268
69,260,108,260,108,287,69,287,0.84902763
523,259,558,259,558,285,523,285,0.84501994
498,261,519,261,519,284,498,284,0.8353072
420,263,430,262,432,280,422,281,0.65577537
386,260,415,260,415,284,386,284,0.81243473
195,259,239,259,239,284,195,284,0.8299653
566,258,619,258,619,282,566,282,0.8961781
114,258,145,258,145,285,114,285,0.8115796
19,257,63,257,63,283,19,283,0.8543564
553,233,610,233,610,256,553,256,0.8042947
480,231,546,231,546,255,480,255,0.8689582
341,232,409,232,409,251,341,251,0.8543446
615,229,659,229,659,253,615,253,0.83112216
416,229,471,229,471,252,416,252,0.89427125
130,231,176,231,176,251,130,251,0.88379616
184,228,243,228,243,252,184,252,0.8119824
19,230,69,227,70,252,20,255,0.8594484
321,231,334,231,334,251,321,251,0.63638127
287,228,316,228,316,252,287,252,0.8356773
252,228,282,228,282,252,252,252,0.7959132
75,226,121,226,121,252,75,252,0.85997206
345,201,384,201,384,222,345,222,0.7433936
101,202,133,202,133,220,101,220,0.88778
536,199,603,199,603,223,536,223,0.88522285
415,199,469,199,469,224,415,224,0.937343
332,201,341,201,341,218,332,218,0.6070495
295,198,325,198,325,221,295,221,0.8441832
262,198,290,198,290,221,262,221,0.8718467
227,198,257,198,257,222,227,222,0.84066933
188,198,223,198,223,222,188,222,0.90848184
141,195,182,198,180,223,139,220,0.8115579
610,196,650,196,650,221,610,221,0.8827255
501,197,528,197,528,222,501,222,0.82008326
475,197,498,197,498,222,475,222,0.78121
387,197,409,197,409,223,387,223,0.8065669
54,196,94,196,94,222,54,222,0.8326598
18,194,50,194,50,222,18,222,0.85196227
620,169,679,173,677,193,619,189,0.7989467
144,173,184,173,184,189,144,189,0.79827523
387,168,460,168,460,192,387,192,0.76567125
467,167,508,167,508,193,467,193,0.8205019
192,168,246,168,246,188,192,188,0.9262499
512,166,557,166,557,190,512,190,0.8175759
299,167,334,167,334,189,299,189,0.8740637
254,167,294,167,294,189,254,189,0.834135
562,164,614,164,614,192,562,192,0.8749431
74,164,135,164,135,188,74,188,0.8095165
340,164,377,164,377,190,340,190,0.87114406
19,161,69,164,67,195,17,191,0.79807633
182,141,223,141,223,157,182,157,0.8600809
510,135,548,135,548,162,510,162,0.8909269
551,135,574,135,574,163,551,163,0.7797135
466,135,505,135,505,157,466,157,0.8907309
136,135,176,135,176,157,136,157,0.90166396
88,134,131,134,131,160,88,160,0.8483606
19,134,49,134,49,163,19,163,0.86051536
625,135,647,135,647,158,625,158,0.8562763
376,134,409,134,409,157,376,157,0.8395303
231,133,271,133,271,161,231,161,0.86675316
55,134,84,134,84,158,55,158,0.8641189
575,131,621,131,621,161,575,161,0.8179304
416,132,460,132,460,158,416,158,0.83514935
320,132,368,132,368,157,320,157,0.8919261
278,132,315,132,315,157,278,157,0.9184929
120,106,189,106,189,130,120,130,0.85881585
70,105,114,105,114,131,70,131,0.85318923
195,104,245,104,245,128,195,128,0.84212106
20,103,65,103,65,127,20,127,0.855815
253,102,305,102,305,127,253,127,0.87995493
72,74,138,74,138,98,72,98,0.85497403
20,73,63,73,63,99,20,99,0.84363395
145,72,206,72,206,95,145,95,0.84123236
244,72,280,72,280,96,244,96,0.8382631
211,70,240,70,240,99,211,99,0.8068796
481,44,590,44,590,67,481,67,0.79126865
376,43,450,43,450,67,376,67,0.83231765
245,43,318,43,318,66,245,66,0.9188309
325,42,370,42,370,68,325,68,0.8556119
642,42,684,42,684,62,642,62,0.84198725
598,40,635,40,635,68,598,68,0.8523647
191,40,237,40,237,66,191,66,0.9056794
145,42,184,42,184,63,145,63,0.83797616
21,37,64,40,62,68,19,65,0.8197027
95,39,138,39,138,64,95,64,0.84663063
456,40,474,40,474,64,456,64,0.79299784
70,40,89,40,89,63,70,63,0.8426395
