129,83,232,80,233,119,130,122,0.89705265
366,80,534,78,535,117,366,118,0.88029814
305,79,354,82,352,123,303,121,0.81923735
841,76,927,76,927,127,841,127,0.9335095
26,76,117,76,117,120,26,120,0.85370773
737,77,828,74,829,119,738,122,0.8563069
642,76,728,76,728,120,642,120,0.8949371
549,76,632,76,632,120,549,120,0.91194844
239,77,297,74,300,120,242,123,0.8059014
41,26,111,26,111,63,41,63,0.89061534
322,25,402,25,402,61,322,61,0.91685885
669,22,813,22,813,62,669,62,0.9177631
220,19,309,19,309,64,220,64,0.91184366
122,17,211,17,211,71,122,71,0.9140167
416,18,507,18,507,63,416,63,0.88626575
515,17,587,17,587,63,515,63,0.8817949
825,15,917,15,917,64,825,64,0.8989694
595,16,657,16,657,64,595,64,0.9158823
