79,266,134,266,134,289,79,289,0.8896919
739,259,798,259,798,290,739,290,0.8981432
196,259,254,259,254,290,196,290,0.8878888
464,258,522,258,522,290,464,290,0.8765883
702,258,733,258,733,296,702,296,0.8068569
806,256,857,256,857,290,806,290,0.8551188
532,256,581,256,581,290,532,290,0.84606427
426,257,457,257,457,296,426,296,0.83388907
261,257,310,254,313,289,263,292,0.8124577
143,250,188,250,188,292,143,292,0.8270219
112,216,169,216,169,247,112,247,0.90741426
486,210,541,210,541,241,486,241,0.9030007
179,209,238,209,238,248,179,248,0.9052163
414,208,478,208,478,246,414,246,0.8628531
809,208,853,208,853,241,809,241,0.9127078
756,208,800,208,800,242,756,242,0.83602804
704,208,749,208,749,242,704,242,0.8859774
548,208,594,208,594,241,548,241,0.9111298
247,208,277,208,277,248,247,248,0.86309594
248,163,292,163,292,198,248,198,0.86366194
686,159,769,165,766,200,683,194,0.8244533
412,160,494,168,491,199,409,191,0.8270316
816,160,870,160,870,192,816,192,0.8663617
542,160,595,160,595,192,542,192,0.9213566
778,160,810,160,810,192,778,192,0.87236726
502,160,535,160,535,192,502,192,0.844522
98,158,146,158,146,192,98,192,0.91357553
193,157,242,157,242,192,193,192,0.89500135
154,158,186,158,186,192,154,192,0.8423339
76,28,235,28,235,60,76,60,0.75445104
25,25,65,25,65,66,25,66,0.8410113
