531,415,551,420,549,427,528,424,0.5846666
291,420,308,410,313,421,296,427,0.67788666
564,404,600,415,596,427,560,420,0.57777977
602,403,623,410,621,416,600,409,0.53758496
473,403,503,413,500,420,471,410,0.7304509
286,411,307,401,311,411,290,421,0.73474914
170,408,201,399,204,413,174,421,0.7878097
308,412,332,400,336,409,313,421,0.7508798
543,398,562,402,557,420,539,415,0.7930292
173,418,253,397,256,409,176,427,0.5115416
454,395,473,401,471,411,451,405,0.69280934
306,399,319,395,323,407,310,411,0.6649152
130,391,149,399,138,426,120,418,0.5720609
98,413,113,390,122,397,107,419,0.6774345
435,393,443,396,440,403,432,400,0.6462517
202,400,240,389,244,400,205,412,0.73883873
428,391,437,394,435,401,426,398,0.58495945
493,389,506,393,502,405,489,400,0.6694077
318,394,335,388,338,398,322,405,0.7312878
420,388,429,392,427,399,417,396,0.65118563
412,387,420,388,418,395,410,394,0.6090322
470,385,484,389,482,396,468,391,0.56864095
112,389,123,379,132,389,121,399,0.6322564
458,381,471,385,468,391,456,387,0.60377026
276,384,293,377,300,394,284,401,0.6813392
356,387,390,375,396,393,362,405,0.8604485
557,377,598,391,595,401,554,387,0.66711676
469,380,478,380,478,386,469,386,0.5656593
452,379,459,383,457,388,450,384,0.501131
462,377,471,377,471,384,462,384,0.6058327
534,375,548,379,545,387,532,383,0.50094503
441,375,453,379,451,385,439,382,0.59903014
451,372,463,376,461,383,449,379,0.6101369
427,372,441,376,439,382,425,378,0.618426
161,390,241,368,245,383,165,405,0.7282924
415,366,428,371,425,379,412,373,0.5815645
432,366,451,372,449,380,429,373,0.6077506
294,378,324,363,332,379,301,394,0.7990149
181,369,216,360,220,376,185,385,0.82130325
462,359,486,369,481,381,458,371,0.7325544
417,361,434,366,432,374,415,368,0.6165807
33,401,61,353,74,361,47,409,0.7648415
350,367,394,352,400,369,356,384,0.83986026
479,353,518,367,514,378,475,364,0.7758698
440,354,461,360,458,370,437,364,0.757915
157,361,190,350,195,365,162,376,0.79800713
421,348,439,354,436,364,418,358,0.7440326
456,345,478,352,474,365,452,358,0.7764317
261,373,319,340,329,358,271,391,0.80270606
446,342,456,346,453,356,442,353,0.7351111
0,376,23,337,38,346,14,385,0.8430709
198,344,228,337,232,356,203,364,0.7292512
426,336,445,342,442,353,423,347,0.79386735
344,347,389,332,395,350,350,365,0.88545233
195,341,212,332,217,343,200,351,0.5809299
14,389,51,322,71,334,35,401,0.6281344
489,319,530,339,518,364,477,344,0.8247218
327,331,360,319,363,329,330,340,0.5827673
254,340,312,309,326,338,268,368,0.7775914
455,316,481,324,476,341,450,333,0.8134721
564,312,586,323,578,339,556,328,0.6548252
243,323,271,308,277,322,249,336,0.79004014
517,307,536,314,530,334,510,327,0.7920647
362,319,397,308,399,316,364,327,0.60759616
617,303,631,320,624,326,610,309,0.64685816
496,299,514,306,506,327,488,320,0.78934795
398,306,416,300,419,310,401,316,0.71603054
274,309,296,298,302,310,279,321,0.7953779
624,298,638,312,631,318,618,305,0.6687689
170,308,197,295,203,307,176,320,0.61029106
397,300,415,294,417,300,399,306,0.59450704
445,284,492,297,485,325,437,313,0.7235318
602,288,615,303,609,308,596,292,0.63679606
609,281,624,299,616,305,602,287,0.6574132
124,295,173,270,183,289,134,314,0.8668041
471,265,531,292,522,312,462,285,0.83396834
586,268,602,286,594,294,578,276,0.5038001
624,261,640,286,634,299,611,274,0.62549525
303,274,320,266,323,273,307,281,0.72924393
245,275,278,259,283,268,249,284,0.51205283
589,259,608,282,601,288,582,265,0.6358522
555,256,574,256,574,262,555,262,0.5260284
99,285,169,250,177,266,107,302,0.81336206
319,266,348,251,351,259,323,273,0.7568578
237,259,255,250,260,260,242,269,0.672086
563,251,573,251,573,257,563,257,0.52202773
556,251,564,251,564,257,556,257,0.5912962
277,261,303,248,306,254,280,267,0.53152496
538,249,549,252,548,256,537,253,0.5637977
623,239,640,256,636,275,611,258,0.6059163
104,264,144,238,154,254,113,279,0.80664146
400,243,418,243,418,249,400,249,0.51938343
233,250,253,240,257,249,238,260,0.7765873
255,250,277,239,282,248,260,260,0.71584326
58,249,77,237,81,245,62,256,0.5921359
597,233,622,261,609,272,584,244,0.76872367
149,241,163,234,169,246,154,253,0.7101432
253,238,264,234,268,245,256,248,0.70574987
496,234,522,243,520,249,494,240,0.5336778
279,238,306,226,310,236,283,248,0.72528666
495,226,555,245,552,253,492,234,0.5572932
264,233,285,223,290,234,268,244,0.7327832
94,244,138,216,149,234,105,262,0.86526626
52,241,89,218,94,227,58,250,0.6797521
607,214,629,238,614,253,592,229,0.8345998
80,235,109,218,113,225,84,243,0.6104436
223,222,239,214,248,232,232,241,0.7399443
351,214,374,211,378,238,355,241,0.7811842
397,212,440,211,441,228,398,229,0.82670146
505,208,567,227,562,244,500,225,0.84582007
437,213,468,211,469,225,438,226,0.82890445
89,217,103,209,109,219,94,227,0.7048824
130,213,144,205,147,211,134,219,0.51408887
287,222,325,204,329,214,291,231,0.7153183
241,214,271,198,279,215,249,231,0.7874535
143,205,152,201,155,207,146,211,0.5546777
103,209,119,199,125,208,109,218,0.7889981
363,198,372,196,375,208,366,210,0.5580582
433,195,472,195,472,211,433,211,0.7913023
397,196,432,194,433,211,397,212,0.8284107
569,193,587,198,584,211,566,207,0.79645944
209,211,251,183,263,201,220,230,0.7661335
495,187,584,214,580,228,491,201,0.78237253
120,199,140,186,145,194,125,208,0.70845264
537,183,570,192,566,206,534,196,0.7802696
271,196,316,177,324,196,280,215,0.8191692
253,183,269,175,278,193,262,202,0.7650157
500,171,535,183,531,195,496,183,0.78970367
269,175,287,166,296,184,278,193,0.7757041
401,169,471,167,471,183,401,186,0.8057162
346,162,371,159,372,168,348,171,0.50586283
388,156,482,154,482,164,388,166,0.81247646
192,165,221,150,227,162,198,177,0.7823367
205,178,285,137,298,163,217,203,0.7903862
337,151,345,148,348,156,340,159,0.5448771
409,144,425,144,425,153,409,153,0.75056213
428,143,458,142,459,151,428,153,0.7237353
427,135,466,135,466,144,427,144,0.77610666
401,135,423,134,424,144,402,145,0.7458804
324,132,335,128,339,137,328,142,0.6708659
334,127,349,120,353,129,338,136,0.70348173
224,147,281,117,287,128,230,159,0.73819774
179,119,198,119,198,126,179,126,0.7933735
159,119,178,119,178,126,159,126,0.7721309
144,118,158,118,158,126,144,126,0.71869516
132,118,143,118,143,126,132,126,0.7053965
111,118,132,118,132,126,111,126,0.77860385
350,119,364,113,368,121,354,128,0.7002428
324,119,341,110,346,120,330,129,0.6799673
365,111,381,104,384,112,368,119,0.73379886
342,110,359,102,363,113,346,120,0.692443
25,113,48,98,54,107,31,122,0.6669023
382,101,401,94,404,104,385,111,0.6991348
358,101,379,92,383,102,362,110,0.72206795
302,106,343,87,350,104,310,123,0.71418464
466,91,486,99,484,105,464,97,0.57808244
472,87,485,92,483,98,469,93,0.5886479
458,87,467,92,465,97,456,92,0.5857524
377,92,393,84,397,93,381,100,0.7042194
463,82,473,88,470,93,461,88,0.60122794
448,83,456,87,454,92,446,88,0.60264945
294,91,324,77,332,94,301,108,0.8147991
234,92,274,79,278,94,239,106,0.8066483
451,78,465,83,463,89,449,84,0.5853445
436,78,449,83,446,89,433,84,0.66299194
447,75,453,80,448,84,443,79,0.5032067
426,74,437,78,435,84,424,80,0.6192092
343,87,383,66,391,81,351,102,0.73244405
572,70,611,76,609,87,570,81,0.7379243
434,70,447,75,444,81,432,76,0.6248735
466,68,499,82,496,90,463,75,0.7207476
415,68,428,74,425,81,412,74,0.6440802
231,77,273,65,276,78,235,90,0.8214129
85,74,103,67,106,74,88,81,0.70800227
591,66,624,71,623,78,590,73,0.6739119
421,63,435,70,432,76,418,70,0.65210116
478,62,491,68,487,77,475,71,0.7451956
557,61,589,66,588,73,555,69,0.69265497
115,58,208,58,208,80,115,80,0.7106166
83,66,102,57,105,65,86,73,0.68055725
440,56,466,67,462,75,437,64,0.73310804
460,55,478,62,475,70,457,63,0.7336821
324,73,376,50,384,69,332,92,0.79845357
565,50,618,58,617,70,563,62,0.6616462
231,51,250,45,255,62,235,67,0.7799286
420,46,440,55,437,63,416,54,0.7261566
435,44,460,55,457,62,432,51,0.755704
181,43,207,43,207,57,181,57,0.8872589
141,38,179,40,178,58,140,56,0.83888614
120,36,140,38,137,59,117,56,0.8228703
216,43,254,32,257,43,219,55,0.743738
79,43,111,30,116,43,84,56,0.77383745
608,28,640,33,638,51,606,47,0.8446567
485,25,505,33,500,46,480,38,0.7758346
235,27,249,23,252,32,237,36,0.64920235
436,20,502,49,498,59,431,31,0.7735429
549,18,602,28,599,45,545,35,0.7645116
226,21,247,15,250,26,228,31,0.6928114
68,35,112,11,119,24,75,48,0.7792842
611,11,638,14,636,32,609,28,0.84358495
252,22,280,12,283,20,255,30,0.6180319
283,26,311,12,314,18,286,32,0.5265975
171,12,206,12,206,22,171,22,0.76791716
125,12,164,12,164,21,125,21,0.71825737
445,7,482,24,477,35,440,18,0.78056586
283,20,304,9,306,14,286,25,0.5942184
572,5,596,10,593,27,569,22,0.79764843
550,4,572,7,570,20,548,17,0.74359965
302,10,311,6,313,11,304,15,0.5166223
249,14,285,2,288,11,251,23,0.63693213
450,0,513,20,509,33,446,11,0.5049053
